# SparsePIM DRAF+BGA phase diagnostics
model_variant: v16_class_separated_soft_budget_bga_draf_gate
source_results: Guided_kmeans_result/spmv_guided_kmeans_draf_bga_v16_structural_results.txt
notes: alternative totals are diagnostic only, not adopted models
columns: matrix target_speedup model_speedup model_over_target target_pim_ms model_ms excess_ms setup_pct fetch_pct compute_pct padding_pct bga_pct readback_pct final_pct mode_cycle compute_bga_overlap_ms compute_bga_overlap_speedup compute_bga_overlap_over_target aggressive_overlap_ms aggressive_overlap_speedup aggressive_overlap_over_target wide_final_ms wide_final_speedup wide_final_over_target compute_bga_overlap_wide_final_ms compute_bga_overlap_wide_final_speedup compute_bga_overlap_wide_final_over_target phase_class_code bga_bound_score draf_access_bound_score padding_sync_bound_score percentile_tail_exposure_factor shared_overlap_window_cycle shared_bga_overlap_cycle shared_draf_overlap_cycle draf_step_tail_saved_cycle group_steps_p90 group_steps_p95 group_steps_max tail_skew_max_over_p90 tail_skew_max_over_p95 p90_to_max_tail_steps p95_to_max_tail_steps bga_near_duplicate_partial_ratio bga_far_duplicate_partial_ratio bga_near_duplicate_share accumulator_flush_estimate
ASIC_100k 1.4 1.08738 0.776699 0.0988629 0.127286 0.0284231 0.130415 6.50268 6.37462 28.6449 19.5112 26.6109 15.1596 0 0.105018 1.31795 0.94139 0.096741 1.43071 1.02193 0.112814 1.22687 0.876335 0.090546 1.52859 1.09185 3 0.637128 0.575506 0.774543 0.712944 41792 2896 1168 18 971.8 1068.55 2951 3.03663 2.76169 1979.2 1882.45 0.481001 0.0851661 0.849574 8190
Stanford 1.3 1.48196 1.13997 0.269681 0.236569 -0.0331118 0.0701698 8.56706 8.37219 67.1905 3.53005 7.23003 8.56072 0 0.233063 1.50425 1.15712 0.212796 1.64752 1.26732 0.22138 1.58363 1.21818 0.217874 1.60912 1.23778 3 0.371287 0.615319 0.753365 0.920993 164800 1602 3484 61 3244 3602.75 4370 1.3471 1.21296 1126 767.25 0.468619 0.27814 0.627537 27016
bcsstk32 2 3.04697 1.52348 0.0497905 0.032682 -0.0171085 0.507925 22.6149 22.1161 36.0627 10.3145 11.7771 14.7818 0 0.032936 3.02347 1.51173 0.025545 3.89826 1.94913 0.029059 3.42686 1.71343 0.029313 3.39716 1.69858 1 0.334743 0.276118 0.074172 0.990928 19372 2278 2315 20 1206.7 1219.9 1245 1.03174 1.02058 38.3 25.1 0.882928 0.0565722 0.939785 9899
cant 2.2 2.80644 1.27566 0.0588995 0.046172 -0.0127275 0.359525 30.4427 28.9093 31.0924 12.4664 10.7035 14.8012 0 0.048756 2.6577 1.20805 0.0347 3.73427 1.69739 0.041047 3.15684 1.43493 0.043631 2.96988 1.34995 1 0.472884 0.3144 0.0471585 0.992107 28769 5610 4946 33 2293.8 2304.85 2346 1.02276 1.01785 52.2 41.15 0.837773 0.119361 0.875294 51097
consph 2.3 2.24668 0.976816 0.0742322 0.075994 0.00176183 0.218438 29.2405 28.0259 40.7927 7.28347 11.0719 14.5906 0 0.082787 2.06233 0.896665 0.060566 2.81897 1.22564 0.067678 2.52274 1.09684 0.074471 2.29262 0.996793 1 0.490231 0.349474 0.077361 0.994518 56236 12105 11400 58 3617.4 3660.85 3706 1.02449 1.01233 88.6 45.15 0.846119 0.110501 0.884488 88976
crankseg_2 3 2.53935 0.84645 0.074094 0.087535 0.013441 0.189638 52.531 50.8517 16.1741 13.4449 10.9236 15.0877 0 0.108226 2.05387 0.684623 0.062243 3.5712 1.1904 0.07763 2.86335 0.954451 0.098321 2.26078 0.753593 1 0.503065 0.269377 0.0206277 0.98576 60759 18364 19363 158 7612.4 7683.9 7935 1.04238 1.03268 322.6 251.1 0.813978 0.166575 0.830121 221021
ct20stif 2.1 2.66836 1.27065 0.0508957 0.040055 -0.0108407 0.41443 22.7238 23.1257 32.0709 10.7702 15.0593 15.5037 0 0.040627 2.63079 1.25276 0.031525 3.39036 1.61446 0.035398 3.01941 1.43781 0.03597 2.97139 1.41495 1 0.387079 0.279369 0.0637058 0.993763 22625 3144 2992 17 1517.7 1540.35 1562 1.02919 1.01406 44.3 21.65 0.868508 0.0731617 0.922306 18697
lhr71 1.8 2.03172 1.12873 0.0655478 0.058072 -0.00747578 0.285852 12.9822 12.636 64.9814 4.14141 6.94999 7.93498 0 0.058229 2.02624 1.12569 0.05069 2.3276 1.29311 0.054616 2.16028 1.20016 0.054773 2.15409 1.19672 2 0.259042 0.442512 0.348448 0.974728 44397 2477 3194 114 1239.7 1248.7 1323 1.06719 1.0595 83.3 74.3 0.840064 0.0635312 0.929691 5933
ohne2 3.2 2.75472 0.86085 0.0874787 0.101619 0.0141403 0.163355 25.5936 24.6952 41.2334 6.38168 14.0997 17.4121 0 0.110914 2.52387 0.788708 0.084906 3.29696 1.0303 0.088349 3.16848 0.99015 0.097644 2.86686 0.895895 1 0.532259 0.262119 0.0833131 0.985138 72790 17819 14278 221 4291.4 4321.4 4469 1.04139 1.03416 177.6 147.6 0.670983 0.261413 0.719633 80822
pdb1HYS 5.4 2.83073 0.524209 0.0191048 0.036445 0.0173402 0.455481 38.9601 37.0531 21.6024 12.3254 13.4586 15.8897 0 0.040947 2.5195 0.466574 0.026748 3.85696 0.714252 0.032102 3.21369 0.595128 0.036604 2.81844 0.521932 1 0.486218 0.283111 0.026888 0.990365 22070 5735 5491 36 2343.7 2372.1 2424 1.03426 1.02188 80.3 51.9 0.908608 0.0616871 0.936424 66521
pwtk 3.6 2.61324 0.7259 0.100552 0.13852 0.0379683 0.119838 29.7834 28.7944 40.4108 7.50794 12.5924 13.4977 0 0.152006 2.38139 0.661498 0.11075 3.2685 0.907916 0.124498 2.90756 0.807657 0.137984 2.62339 0.72872 1 0.495201 0.300431 0.0664411 0.991334 105650 23156 21419 177 6759.2 6811.25 6945 1.02749 1.01964 185.8 133.75 0.907542 0.047591 0.950173 45285
rma10 2.3 3.082 1.34 0.044547 0.033244 -0.011303 0.499338 24.5819 23.9321 28.1765 12.9076 16.7128 13.4731 0 0.0334 3.0676 1.33374 0.025228 4.06128 1.76577 0.029885 3.42841 1.49061 0.030041 3.41061 1.48287 1 0.431716 0.263137 0.0530953 0.996453 17534 2671 2296 7 1366 1372.1 1383 1.01245 1.00794 17 10.9 0.872325 0.076802 0.919081 23184
shipsec1 2.1 2.67652 1.27453 0.099249 0.077871 -0.021378 0.213173 18.1826 17.3518 44.0408 6.17431 13.444 17.5136 0 0.079383 2.62554 1.25026 0.065224 3.1955 1.52166 0.067643 3.08122 1.46725 0.069155 3.01385 1.43517 1 0.42658 0.263165 0.157668 0.989688 50082 7468 6856 83 2303.8 2308.85 2363 1.0257 1.02345 59.2 54.15 0.693655 0.205714 0.771269 30470
soc-sign-epinions 1.2 1.79994 1.49995 0.147398 0.098269 -0.0491293 0.168924 9.34374 9.47298 52.5344 3.08846 9.43736 19.3978 0 0.097025 1.82301 1.51918 0.087843 2.01357 1.67797 0.083973 2.10637 1.75531 0.082729 2.13804 1.7817 3 0.284414 0.637301 0.836075 0.796015 55521 462 1593 47 1323.3 1797.55 3288 2.4847 1.82916 1964.7 1490.45 0.224695 0.299541 0.428615 12378
webbase-1M 0.7 0.750891 1.0727 1.2389 1.15494 -0.0839654 0.0143731 5.84474 5.70352 81.4325 1.5929 3.98897 3.57448 0 1.15306 0.752115 1.07445 1.08555 0.798884 1.14126 1.12397 0.771576 1.10225 1.12209 0.772868 1.1041 3 0.454055 0.72884 1 0.993044 918775 2044 8331 0 11417.3 12458.4 12654 1.10832 1.0157 1236.7 195.6 0.239108 0.226193 0.513878 43957
xenon2 5.6 3.23265 0.577259 0.0418114 0.072431 0.0306196 0.229184 20.0743 19.1147 39.1614 7.6528 16.1795 15.9945 0 0.073905 3.16818 0.565746 0.059365 3.94414 0.704311 0.063743 3.67325 0.655938 0.065217 3.59023 0.641112 1 0.43293 0.225538 0.114289 0.993166 44466 7146 6315 46 2376.4 2383.25 2420 1.01835 1.01542 43.6 36.75 0.733377 0.177964 0.804723 27036
