# SparsePIM DRAF+BGA structural model results
model_variant: v12_stronger_draf_memory_conservative_overlap
latency_scope: setup + DRAF access + padding model + BGA + result readback
columns: matrix gpu_ms target_speedup target_pim_ms model_ms model_speedup speedup_error_ratio total_cycle setup_cycle draf_row_fetch_cycle draf_compute_trigger_cycle padding_cycle bga_accumulate_cycle bga_output_readback_cycle final_reduce_cycle draf_padding_ratio draf_memory_expansion critical_padding critical_padding_ratio bg_imbalance total_padding_steps hidden_padding_steps fragmentation memory_pressure imbalance_pressure exposure_factor exposed_hidden_padding effective_padding_steps bga_raw_accumulate_cycle bga_hidden_accumulate_cycle bga_regularity_score bga_reuse_score bga_padding_guard bga_overlap_factor draf_stream_hidden_cycle draf_stream_regularity_score draf_stream_guard_score draf_access_share draf_stream_overlap_factor draf_bga_window_occupancy draf_bga_contention_score draf_stream_budget_factor row_nnz_gini col_nnz_gini mean_nnz_per_col bga_row_reuse_factor bga_unique_row_ratio bga_duplicate_partial_ratio bga_capacity_pressure bga_stream_capacity_flushes bga_critical_flushes bga_reuse_aware_accumulate_cycle draf_memory_saved_cycle draf_coo_bytes_per_nnz draf_bytes_per_nnz draf_vs_coo_memory_ratio draf_memory_saving_factor draf_exposed_memory_saving_factor conservative_bga_floor_cycle memory_budgeted_stream_hidden_cycle draf_memory_padding_saved_cycle draf_memory_long_stream_score conservative_bga_floor_factor stream_memory_budget_factor
ASIC_100k 0.138408 1.4 0.0988629 0.14004 0.988346 0.705962 140040 166 8277 8114 47237 23529 33872 19296 0.923852 1.92703 27170.6 0.924346 3.33888 54312.2 27141.6 0.98638 0.231758 0.779628 0.739318 20066.3 47236.9 26273 2744 0.0136199 0.566167 0.260682 0.104444 1017 0.0136199 0.260682 0.116582 0.125802 0.0495745 0.00517774 0.997411 0.338269 0.338269 9.4687 2.30504 0.433833 0.566167 22.6719 1451 1451 26273 49 10 8.85407 0.885407 0.114593 0.00156075 26273 507 24 0.33061 0.75 0.49922
Stanford 0.350585 1.3 0.269681 0.242235 1.44729 1.1133 242235 166 20267 19806 157432 9380 17104 20252 1.32929 2.33052 96077.5 1.32951 1.66137 192124 96046.5 0.861606 0.332631 0.220457 0.638798 61354.3 157432 11179 1799 0.138394 0.74676 0.361202 0.160997 3319 0.138394 0.361202 0.16389 0.16777 0.0101502 0.00163415 0.999183 0.775986 0.534566 8.20317 3.94882 0.25324 0.74676 9.67188 619 619 11179 626 10 9.66105 0.966105 0.0338954 0.00469093 11179 1651 439 0.594892 0.75 0.497655
bcsstk32 0.099581 2 0.0497905 0.029765 3.34557 1.67279 29765 166 7391 7228 12256 712 3849 4831 0.189409 1.19077 11939.6 0.18964 1.06383 23850.2 11910.6 0.0167679 0.0476918 0.0212775 0.026496 315.584 12255.2 9438 8726 0.952308 0.9395 0.973504 0.924653 4750 0.952308 0.973504 0.400104 0.828974 0.447855 0.41411 0.792945 0.174199 0.174199 45.1636 16.5288 0.0605003 0.9395 3.60938 231 231 9438 5010 10 7.38153 0.738153 0.261847 0.257456 9438 1763 1247 0.39529 0.75 0.371272
cant 0.129579 2.2 0.0588995 0.043081 3.0078 1.36718 43081 166 14056 13348 15544 909 4942 6834 0.122305 1.12319 15331.3 0.122424 1.06817 30632.6 15301.3 0.00389105 0.0307977 0.0227231 0.0138463 211.865 15543.1 18839 17930 0.969202 0.957134 0.986154 0.951766 8155 0.969202 0.986154 0.490197 0.867087 0.620587 0.590654 0.704673 0.111077 0.111077 64.1684 23.3283 0.0428664 0.957134 13.4062 858 858 18839 9864 10 7.24638 0.724638 0.275362 0.27429 18839 2959 2348 0.550853 0.75 0.362855
consph 0.170734 2.3 0.0742322 0.078605 2.17205 0.94437 78605 166 22221 21298 35131 2177 8414 11088 0.179377 1.17991 33710.5 0.179476 1.07062 67384 33673.5 0.0438596 0.0449781 0.0235415 0.0421634 1419.79 35130.3 28239 26062 0.955022 0.956621 0.957837 0.922931 13855 0.955022 0.957837 0.432543 0.826837 0.461855 0.42626 0.78687 0.10222 0.10222 72.1252 23.0524 0.0433794 0.956621 24.1562 1546 1546 28239 16829 10 7.35982 0.735982 0.264018 0.252438 28239 5178 5844 0.658979 0.75 0.373781
crankseg_2 0.222282 3 0.074094 0.099708 2.22933 0.74311 99708 166 45983 44513 16481 7385 9562 13207 0.0370013 1.0372 16376.2 0.0370375 1.10754 32720.4 16344.2 0 0.00930093 0.035848 0.00637508 104.196 16480.4 68379 60994 0.990699 0.980553 0.993625 0.98206 20860 0.990699 0.993625 0.658545 0.920777 1 0.98206 0.50897 0.229077 0.229077 221.637 51.4229 0.0194466 0.980553 59.3438 3798 3798 68379 30332 10 7.07441 0.707441 0.292559 0.292559 68379 7378 3857 0.799947 0.75 0.35372
ct20stif 0.106881 2.1 0.0508957 0.036559 2.92352 1.39215 36559 166 9102 9263 13446 814 6032 6210 0.161271 1.16234 13117.8 0.161431 1.05924 26209.6 13091.8 0.018097 0.0405855 0.019747 0.0250086 327.407 13445.2 12016 11202 0.959415 0.94167 0.974991 0.932288 5860 0.959415 0.974991 0.406863 0.836167 0.493285 0.459883 0.770058 0.180374 0.180374 49.6913 17.1437 0.0583303 0.94167 6.64062 425 425 12016 6419 10 7.32468 0.732468 0.267532 0.26269 12016 2160 1595 0.451618 0.75 0.368655
lhr71 0.117986 1.8 0.0655478 0.060816 1.94005 1.0778 60816 166 7539 7338 38020 3483 4036 4608 0.627281 1.62939 29299.3 0.62756 1.1143 58572.6 29273.3 0.41147 0.157348 0.0380986 0.297896 8720.41 38019.7 7071 3588 0.58853 0.903595 0.702104 0.507463 3125 0.58853 0.702104 0.227843 0.434815 0.079104 0.0401424 0.979929 0.596627 0.381493 21.2507 10.3729 0.0964052 0.903595 2.20312 141 141 7071 3077 10 8.25878 0.825878 0.174122 0.102476 7071 1402 1553 0.398785 0.75 0.448762
ohne2 0.279932 3.2 0.0874787 0.106598 2.62605 0.820642 106598 166 26008 25095 48415 2662 14328 17694 0.220822 1.22125 47425.4 0.220906 1.0912 94814.8 47389.4 0.00206239 0.0553128 0.0304006 0.0208713 989.08 48414.5 32955 30293 0.944687 0.932396 0.979129 0.919229 16750 0.944687 0.979129 0.380024 0.823484 0.412094 0.378808 0.810596 0.318983 0.194149 37.8837 14.7921 0.0676037 0.932396 22.2969 1427 1427 32955 21638 10 7.4425 0.74425 0.25575 0.255222 32955 6237 8596 0.695685 0.75 0.372389
pdb1HYS 0.103166 5.4 0.0191048 0.03611 2.85699 0.529073 36110 166 14199 13504 8650 563 4905 5791 0.0631019 1.06368 8587.09 0.0632455 1.07464 17135.2 8548.09 0 0.0159209 0.0248798 0.00726426 62.0956 8649.19 20526 19963 0.984079 0.970295 0.992736 0.972612 6824 0.984079 0.992736 0.578556 0.899563 0.901101 0.876422 0.561789 0.150686 0.150686 119.306 33.6647 0.0297047 0.970295 17.375 1112 1112 20526 9342 10 7.12737 0.712737 0.287263 0.287263 20526 2431 1384 0.557375 0.75 0.356368
pwtk 0.361986 3.6 0.100552 0.142457 2.54102 0.705839 142457 166 41256 39886 66339 3347 17443 18697 0.181186 1.18146 65265.5 0.181223 1.04484 130504 65238.5 0.00223479 0.0453641 0.0149474 0.0164449 1072.84 66338.3 53038 49691 0.954636 0.955133 0.983555 0.936904 26283 0.954636 0.983555 0.433361 0.843928 0.46779 0.438274 0.780863 0.0278782 0.0278782 52.8843 22.2882 0.0448669 0.955133 17.375 1112 1112 53038 35099 10 7.36291 0.736291 0.263709 0.263119 53038 9683 13749 0.787684 0.75 0.36844
rma10 0.102458 2.3 0.044547 0.029551 3.46716 1.50746 29551 166 8172 7956 9612 664 5556 4479 0.128488 1.12977 9370.88 0.128749 1.07738 18703.8 9332.88 0.0224618 0.0324414 0.0257927 0.0257888 240.684 9611.56 11256 10592 0.967559 0.949127 0.974211 0.941065 4830 0.967559 0.974211 0.439287 0.847682 0.602914 0.567381 0.716309 0.302865 0.30285 49.7297 19.6568 0.050873 0.949127 9.32812 597 597 11256 5395 10 7.25953 0.725953 0.274047 0.267891 11256 1768 1075 0.417582 0.75 0.366054
shipsec1 0.208423 2.1 0.099249 0.080289 2.59591 1.23615 80289 166 14159 13512 36951 4105 10469 13638 0.293053 1.29403 32697.5 0.293237 1.04874 65354 32656.5 0.177584 0.0735065 0.0162479 0.130227 4252.77 36950.3 16489 12384 0.822416 0.899368 0.869773 0.751085 8097 0.822416 0.869773 0.297202 0.660161 0.245408 0.184322 0.907839 0.232045 0.232045 25.3288 9.93724 0.100632 0.899368 9.14062 585 585 16489 9571 10 7.58805 0.758805 0.241195 0.198362 16489 3245 4083 0.557153 0.75 0.400819
soc-sign-epinions 0.176878 1.2 0.147398 0.107819 1.64051 1.36709 107819 166 9182 9309 58054 3528 9274 19062 1.28317 2.28733 33753.1 1.28374 3.50451 67476.2 33723.1 0.900923 0.321833 0.834838 0.720587 24300.5 58053.6 4065 537 0.0990768 0.524235 0.279413 0.132192 1407 0.0990768 0.279413 0.170142 0.153407 0.00797174 0.0010538 0.999473 0.856811 0.870528 6.38235 2.10188 0.475765 0.524235 3.51562 225 225 4065 161 10 9.57466 0.957466 0.0425339 0.00421412 4065 700 84 0.343997 0.75 0.497893
webbase-1M 0.867231 0.7 1.2389 1.09407 0.792661 1.13237 1094075 166 67503 65872 858877 18292 46070 41283 4.66576 5.66669 452820 4.66594 1.47282 905605 452785 0.968395 1 0.157606 0.896798 406057 858877 20324 2032 0 0.4653 0.103202 0.1 8186 0 0.103202 0.121452 0.12429 0.00219735 0.000219735 0.99989 0.345481 0.659218 3.10552 1.87021 0.5347 0.4653 15.6719 1003 1003 20324 0 10 16.3334 1.63334 0 0 20324 4093 0 0.827441 0.75 0.5
xenon2 0.234144 5.6 0.0418114 0.071792 3.26142 0.582397 71792 166 14540 13845 30832 2812 11719 11585 0.23596 1.23673 28527 0.236084 1.03695 57024 28497 0.103109 0.0591835 0.0123169 0.0808523 2304.05 30831 17556 14744 0.896891 0.91134 0.919148 0.839837 8865 0.896891 0.919148 0.331585 0.74338 0.330013 0.277157 0.861421 0.0752165 0.0752165 24.556 11.2791 0.0886596 0.91134 9.04688 579 579 17556 10384 10 7.47347 0.747347 0.252653 0.226602 17556 3428 3952 0.565785 0.75 0.386699
gmean_target_speedup: 2.19727
gmean_model_speedup: 2.19372
gmean_speedup_error_ratio: 0.998387
