# SparsePIM DRAF+BGA structural model results
model_variant: v17_1_stronger_regular_leakage_gate
latency_scope: setup + DRAF access + padding model + BGA + result readback
columns: matrix gpu_ms target_speedup target_pim_ms model_ms model_speedup speedup_error_ratio total_cycle setup_cycle draf_row_fetch_cycle draf_compute_trigger_cycle padding_cycle bga_accumulate_cycle bga_output_readback_cycle final_reduce_cycle draf_padding_ratio draf_memory_expansion critical_padding critical_padding_ratio bg_imbalance total_padding_steps hidden_padding_steps fragmentation memory_pressure imbalance_pressure exposure_factor exposed_hidden_padding effective_padding_steps bga_raw_accumulate_cycle bga_hidden_accumulate_cycle bga_regularity_score bga_reuse_score bga_padding_guard bga_overlap_factor draf_stream_hidden_cycle draf_stream_regularity_score draf_stream_guard_score draf_access_share draf_stream_overlap_factor draf_bga_window_occupancy draf_bga_contention_score draf_stream_budget_factor row_nnz_gini col_nnz_gini mean_nnz_per_col bga_row_reuse_factor bga_unique_row_ratio bga_duplicate_partial_ratio bga_near_duplicate_partial_ratio bga_far_duplicate_partial_ratio bga_near_duplicate_share accumulator_flush_estimate bga_capacity_pressure bga_stream_capacity_flushes bga_critical_flushes bga_reuse_aware_accumulate_cycle draf_memory_saved_cycle draf_coo_bytes_per_nnz draf_bytes_per_nnz draf_vs_coo_memory_ratio draf_memory_saving_factor draf_exposed_memory_saving_factor conservative_bga_floor_cycle memory_budgeted_stream_hidden_cycle draf_memory_padding_saved_cycle draf_memory_long_stream_score conservative_bga_floor_factor stream_memory_budget_factor phase_class_code bga_bound_score draf_access_bound_score padding_sync_bound_score percentile_tail_exposure_factor group_steps_p90 group_steps_p95 group_steps_max tail_skew_max_over_p90 tail_skew_max_over_p95 p90_to_max_tail_steps p95_to_max_tail_steps shared_overlap_window_cycle shared_bga_overlap_cycle shared_draf_overlap_cycle draf_step_tail_saved_cycle v14_draf_serial_exposure v14_draf_path_cycle v14_regular_false_positive_score v14_fragmented_pressure v14_tail_flat_low_padding_guard v14_saving_budget_cycle v14_saving_demand_cycle v14_bounded_bga_hidden_cycle v14_bounded_draf_hidden_cycle v14_bounded_memory_saved_cycle v14_bounded_padding_saved_cycle v14_bounded_tail_saved_cycle v14_budget_saturation v15_soft_alpha v15_true_high_speedup_candidate_score v15_regular_false_positive_score v15_graph_like_penalty_score v15_saving_budget_cycle v15_saving_demand_cycle v15_effective_saving_cycle v15_protected_bga_hidden_cycle v15_final_bounded_bga_hidden_cycle v15_budget_saturation_ratio v16_soft_alpha v16_true_high_speedup_candidate_score v16_regular_false_positive_score v16_graph_like_penalty_score v16_saving_budget_cycle v16_saving_demand_cycle v16_effective_saving_cycle v16_protected_bga_hidden_cycle v16_final_bounded_bga_hidden_cycle v16_budget_saturation_ratio v17_soft_alpha v17_true_high_speedup_candidate_score v17_regular_false_positive_score v17_graph_like_penalty_score v17_regular_leakage_score v17_high_confidence_protection_score v17_regular_soft_alpha_cap v17_saving_budget_cycle v17_saving_demand_cycle v17_effective_saving_cycle v17_protected_bga_hidden_cycle v17_final_bounded_bga_hidden_cycle v17_budget_saturation_ratio v17_1_soft_alpha v17_1_true_high_speedup_candidate_score v17_1_regular_false_positive_score v17_1_graph_like_penalty_score v17_1_regular_leakage_score v17_1_high_confidence_protection_score v17_1_regular_soft_alpha_cap v17_1_saving_budget_cycle v17_1_saving_demand_cycle v17_1_effective_saving_cycle v17_1_protected_bga_hidden_cycle v17_1_final_bounded_bga_hidden_cycle v17_1_budget_saturation_ratio
ASIC_100k 0.138408 1.4 0.0988629 0.126546 1.09374 0.78124 126546 166 8277 8114 35732 24835 33872 19296 0.923852 1.92703 27170.6 0.924346 3.33888 54312.2 27141.6 0.98638 0.231758 0.779628 0.739318 20066.3 47236.9 27731 2896 0.0136199 0.566167 0.260682 0.104444 1168 0.0136199 0.260682 0.210679 0.144621 0.0692956 0.00723748 0.996381 0.338269 0.338269 9.4687 2.30504 0.433833 0.566167 0.481001 0.0851661 0.849574 8190 22.6719 1451 1451 27731 25 10 8.85407 0.885407 0.114593 0.00156075 27731 1168 17 0.33061 0.791616 0.550531 3 0.637128 0.575506 0.774543 0.712944 971.8 1068.55 2951 3.03663 2.76169 1979.2 1882.45 41792 2896 1168 18 0.530652 12583 0 0.831608 0 23007 4124 2896 1168 25 17 18 0.17925 0 0 0 0 0 0 0 0 0 0 0 0 0 0 0 0 0 0 0 0 0 0 0 0 0 0 0 0 0 0 0 0 0 0.120019 0.407032 0 0.614825 0 0.189214 0.120019 23007 4124 4124 172 2896 0.17925
Stanford 0.350585 1.3 0.269681 0.23258 1.50737 1.15952 232580 166 20267 19806 154904 8351 17104 20252 1.32929 2.33052 96077.5 1.32951 1.66137 192124 96046.5 0.861606 0.332631 0.220457 0.638798 61354.3 157432 9953 1602 0.138394 0.74676 0.361202 0.160997 3484 0.138394 0.361202 0.20548 0.176088 0.00972087 0.00156503 0.999217 0.775986 0.534566 8.20317 3.94882 0.25324 0.74676 0.468619 0.27814 0.627537 27016 9.67188 619 619 9953 187 10 9.66105 0.966105 0.0338954 0.00469093 9953 3484 404 0.594892 0.667752 0.471663 3 0.371287 0.615319 0.753365 0.920993 3244 3602.75 4370 1.3471 1.21296 1126 767.25 164800 1602 3484 61 0.589629 31946 0 0.827452 0 77730 5738 1602 3484 187 404 61 0.0738196 0 0 0 0 0 0 0 0 0 0 0 0 0 0 0 0 0 0 0 0 0 0 0 0 0 0 0 0 0 0 0 0 0 0.000877973 0.102023 0 0.711312 0 0 0.000877973 77730 5738 5738 23 1602 0.0738196
bcsstk32 0.099581 2 0.0497905 0.034268 2.90595 1.45297 34268 166 7391 7228 11867 3962 3849 4831 0.189409 1.19077 11939.6 0.18964 1.06383 23850.2 11910.6 0.0167679 0.0476918 0.0212775 0.026496 315.584 12255.2 5649 1687 0.952308 0.9395 0.973504 0.924653 1714 0.952308 0.973504 0.451023 0.839158 0.269616 0.249301 0.875349 0.174199 0.174199 45.1636 16.5288 0.0605003 0.9395 0.882928 0.0565722 0.939785 9899 3.60938 231 231 5649 1216 10 7.38153 0.738153 0.261847 0.257456 5649 1714 399 0.39529 0.448837 0.233988 1 0.334743 0.276118 0.074172 0.990928 1206.7 1219.9 1245 1.03174 1.02058 38.3 25.1 19372 1687 1714 15 0.460324 10719 0.890777 0.0500502 1 4532 15574 1687 1714 1216 399 15 1 0 0 0 0 0 0 0 0 0 0 0 0 0 0 0 0 0 0 0 0 0 0 0 0 0 0 0 0 0 0 0 0 0 0.0452679 0.282494 0.890777 0.0999275 0.859623 0 0.0452679 4532 15574 5031 99 1687 1.11011
cant 0.129579 2.2 0.0588995 0.049968 2.59324 1.17875 49968 166 14056 13348 14631 7256 4942 6834 0.122305 1.12319 15331.3 0.122424 1.06817 30632.6 15301.3 0.00389105 0.0307977 0.0227231 0.0138463 211.865 15543.1 11366 4110 0.969202 0.957134 0.986154 0.951766 3624 0.969202 0.986154 0.505683 0.870184 0.375995 0.357859 0.82107 0.111077 0.111077 64.1684 23.3283 0.0428664 0.957134 0.837773 0.119361 0.875294 51097 13.4062 858 858 11366 2856 10 7.24638 0.724638 0.275362 0.27429 11366 3624 886 0.550853 0.452477 0.348155 1 0.472884 0.3144 0.0471585 0.992107 2293.8 2304.85 2346 1.02276 1.01785 52.2 41.15 28769 4110 3624 24 0.363875 18914 0.719408 0.0281681 1 10016 30261 4110 3624 2856 886 24 1 0 0 0 0 0 0 0 0 0 0 0 0 0 0 0 0 0 0 0 0 0 0 0 0 0 0 0 0 0 0 0 0 0 0.0733035 0.557893 0.719408 0.0617124 0.703869 0 0.0733035 10016 30261 11500 672 4110 1.14816
consph 0.170734 2.3 0.0742322 0.086816 1.96662 0.855052 86816 166 22221 21298 32440 9900 8414 11088 0.179377 1.17991 33710.5 0.179476 1.07062 67384 33673.5 0.0438596 0.0449781 0.0235415 0.0421634 1419.79 35130.3 17640 7740 0.955022 0.956621 0.957837 0.922931 7289 0.955022 0.957837 0.452861 0.830901 0.289494 0.267183 0.866408 0.10222 0.10222 72.1252 23.0524 0.0433794 0.956621 0.846119 0.110501 0.884488 88976 24.1562 1546 1546 17640 5223 10 7.35982 0.735982 0.264018 0.252438 17640 7289 2763 0.658979 0.468479 0.370968 1 0.490231 0.349474 0.077361 0.994518 3617.4 3660.85 3706 1.02449 1.01233 88.6 45.15 56236 7740 7289 37 0.362919 29951 0.688598 0.0686646 1 20861 48484 7740 7289 5223 2763 37 1 0 0 0 0 0 0 0 0 0 0 0 0 0 0 0 0 0 0 0 0 0 0 0 0 0 0 0 0 0 0 0 0 0 0.0793405 0.607996 0.688598 0.0757943 0.670331 0 0.0793405 20861 48484 23052 1199 7740 1.10503
crankseg_2 0.222282 3 0.074094 0.082234 2.70304 0.901014 82234 166 45983 44513 13956 10918 9562 13207 0.0370013 1.0372 16376.2 0.0370375 1.10754 32720.4 16344.2 0 0.00930093 0.035848 0.00637508 104.196 16480.4 30133 19215 0.990699 0.980553 0.993625 0.98206 20260 0.990699 0.993625 0.661153 0.921299 0.487039 0.478301 0.760849 0.229077 0.229077 221.637 51.4229 0.0194466 0.980553 0.813978 0.166575 0.830121 221021 59.3438 3798 3798 30133 17192 10 7.07441 0.707441 0.292559 0.292559 30133 20260 2469 0.799947 0.330505 0.649483 1 0.503065 0.269377 0.0206277 0.98576 7612.4 7683.9 7935 1.04238 1.03268 322.6 251.1 60759 19215 20260 165 0.127556 51661 0 0.00775142 0 39461 91323 19215 20260 17192 2469 165 1 0 0 0 0 0 0 0 0 0 0 0 0 0 0 0 0 0 0 0 0 0 0 0 0 0 0 0 0 0 0 0 0 0 0.382555 0.94149 0 0.109696 0 0.760407 0.382555 39461 91323 59301 6952 19215 1.50277
ct20stif 0.106881 2.1 0.0508957 0.042056 2.5414 1.21019 42056 166 9102 9263 12953 5070 6032 6210 0.161271 1.16234 13117.8 0.161431 1.05924 26209.6 13091.8 0.018097 0.0405855 0.019747 0.0250086 327.407 13445.2 7458 2388 0.959415 0.94167 0.974991 0.932288 2273 0.959415 0.974991 0.468662 0.848527 0.307315 0.286506 0.856747 0.180374 0.180374 49.6913 17.1437 0.0583303 0.94167 0.868508 0.0731617 0.922306 18697 6.64062 425 425 7458 1657 10 7.32468 0.732468 0.267532 0.26269 7458 2273 545 0.451618 0.465491 0.269763 1 0.387079 0.279369 0.0637058 0.993763 1517.7 1540.35 1562 1.02919 1.01406 44.3 21.65 22625 2388 2273 13 0.431349 13190 0.831515 0.0452471 1 6103 20015 2388 2273 1657 545 13 1 0 0 0 0 0 0 0 0 0 0 0 0 0 0 0 0 0 0 0 0 0 0 0 0 0 0 0 0 0 0 0 0 0 0.0556261 0.368507 0.831515 0.101148 0.802077 0 0.0556261 6103 20015 6876 210 2388 1.12666
lhr71 0.117986 1.8 0.0655478 0.057332 2.05794 1.1433 57332 166 7539 7338 37090 2405 4036 4608 0.627281 1.62939 29299.3 0.62756 1.1143 58572.6 29273.3 0.41147 0.157348 0.0380986 0.297896 8720.41 38019.7 4882 2477 0.58853 0.903595 0.702104 0.507463 3194 0.58853 0.702104 0.261831 0.441613 0.0557921 0.0283124 0.985844 0.596627 0.381493 21.2507 10.3729 0.0964052 0.903595 0.840064 0.0635312 0.929691 5933 2.20312 141 141 4882 1524 10 8.25878 0.825878 0.174122 0.102476 4882 3194 1514 0.398785 0.51772 0.483165 2 0.259042 0.442512 0.348448 0.974728 1239.7 1248.7 1323 1.06719 1.0595 83.3 74.3 44397 2477 3194 114 0.411663 10560 0 0.404579 0 21451 8823 2477 3194 1524 1514 114 0.411309 0 0 0 0 0 0 0 0 0 0 0 0 0 0 0 0 0 0 0 0 0 0 0 0 0 0 0 0 0 0 0 0 0 0.0636926 0.148157 0 0.416755 0 0 0.0636926 21451 8823 8823 71 2477 0.411309
ohne2 0.279932 3.2 0.0874787 0.100321 2.79036 0.871988 100321 166 26008 25095 41601 6543 14328 17694 0.220822 1.22125 47425.4 0.220906 1.0912 94814.8 47389.4 0.00206239 0.0553128 0.0304006 0.0208713 989.08 48414.5 24304 17761 0.944687 0.932396 0.979129 0.919229 14232 0.944687 0.979129 0.415124 0.830504 0.30691 0.282121 0.85894 0.318983 0.194149 37.8837 14.7921 0.0676037 0.932396 0.670983 0.261413 0.719633 80822 22.2969 1427 1427 24304 10369 10 7.4425 0.74425 0.25575 0.255222 24304 14232 6733 0.695685 0.553116 0.602977 1 0.532259 0.262119 0.0833131 0.985138 4291.4 4321.4 4469 1.04139 1.03416 177.6 147.6 72790 17761 14232 220 0.177918 30473 0 0.0465173 0 43890 62027 17761 14232 10369 6733 220 1 0 0 0 0 0 0 0 0 0 0 0 0 0 0 0 0 0 0 0 0 0 0 0 0 0 0 0 0 0 0 0 0 0 0.29912 0.707479 0 0.133895 0 0.122578 0.29912 43890 62027 49315 3562 17761 1.1236
pdb1HYS 0.103166 5.4 0.0191048 0.04033 2.55805 0.473712 40330 166 14199 13504 8067 6134 4905 5791 0.0631019 1.06368 8587.09 0.0632455 1.07464 17135.2 8548.09 0 0.0159209 0.0248798 0.00726426 62.0956 8649.19 10227 4093 0.984079 0.970295 0.992736 0.972612 3919 0.984079 0.992736 0.595802 0.903012 0.450657 0.438315 0.780843 0.150686 0.150686 119.306 33.6647 0.0297047 0.970295 0.908608 0.0616871 0.936424 66521 17.375 1112 1112 10227 3276 10 7.12737 0.712737 0.287263 0.287263 10227 3919 564 0.557375 0.37367 0.414928 1 0.486218 0.283111 0.026888 0.990365 2343.7 2372.1 2424 1.03426 1.02188 80.3 51.9 22070 4093 3919 26 0.315821 18464 0.597659 0.0131981 1 9157 28857 4093 3919 3276 564 26 1 0 0 0 0 0 0 0 0 0 0 0 0 0 0 0 0 0 0 0 0 0 0 0 0 0 0 0 0 0 0 0 0 0 0.138128 0.658469 0.597659 0.0747798 0.485487 0.255159 0.138128 9157 28857 11878 1338 4093 1.29715
pwtk 0.361986 3.6 0.100552 0.157905 2.29243 0.636786 157905 166 41256 39886 59148 17894 17443 18697 0.181186 1.18146 65265.5 0.181223 1.04484 130504 65238.5 0.00223479 0.0453641 0.0149474 0.0164449 1072.84 66338.3 33556 15662 0.954636 0.955133 0.983555 0.936904 14487 0.954636 0.983555 0.449632 0.847182 0.297567 0.278792 0.860604 0.0278782 0.0278782 52.8843 22.2882 0.0448669 0.955133 0.907542 0.047591 0.950173 45285 17.375 1112 1112 33556 10637 10 7.36291 0.736291 0.263709 0.263119 33556 14487 6791 0.787684 0.474502 0.386503 1 0.495201 0.300431 0.0664411 0.991334 6759.2 6811.25 6945 1.02749 1.01964 185.8 133.75 105650 15662 14487 120 0.349813 55209 0.734529 0.0386877 1 40834 95736 15662 14487 10637 6791 120 1 0 0 0 0 0 0 0 0 0 0 0 0 0 0 0 0 0 0 0 0 0 0 0 0 0 0 0 0 0 0 0 0 0 0.125016 0.662746 0.734529 0.0265774 0.584623 0.302478 0.125016 40834 95736 47697 4214 15662 1.16807
rma10 0.102458 2.3 0.044547 0.034523 2.96782 1.29036 34523 166 8172 7956 9372 4778 5556 4479 0.128488 1.12977 9370.88 0.128749 1.07738 18703.8 9332.88 0.0224618 0.0324414 0.0257927 0.0257888 240.684 9611.56 6962 2184 0.967559 0.949127 0.974211 0.941065 1877 0.967559 0.974211 0.493679 0.85856 0.373617 0.351598 0.824201 0.302865 0.30285 49.7297 19.6568 0.050873 0.949127 0.872325 0.076802 0.919081 23184 9.32812 597 597 6962 1440 10 7.25953 0.725953 0.274047 0.267891 6962 1877 357 0.417582 0.463823 0.286284 1 0.431716 0.263137 0.0530953 0.996453 1366 1372.1 1383 1.01245 1.00794 17 10.9 17534 2184 1877 6 0.419322 11509 0.780415 0.0415276 1 5019 17587 2184 1877 1440 357 6 1 0 0 0 0 0 0 0 0 0 0 0 0 0 0 0 0 0 0 0 0 0 0 0 0 0 0 0 0 0 0 0 0 0 0.0672383 0.411809 0.780415 0.156877 0.737565 0 0.0672383 5019 17587 5864 269 2184 1.16836
shipsec1 0.208423 2.1 0.099249 0.072831 2.86173 1.36273 72831 166 14159 13512 33231 3056 10469 13638 0.293053 1.29403 32697.5 0.293237 1.04874 65354 32656.5 0.177584 0.0735065 0.0162479 0.130227 4252.77 36950.3 12276 9220 0.822416 0.899368 0.869773 0.751085 8465 0.822416 0.869773 0.361627 0.673046 0.184098 0.138273 0.930863 0.232045 0.232045 25.3288 9.93724 0.100632 0.899368 0.693655 0.205714 0.771269 30470 9.14062 585 585 12276 5488 10 7.58805 0.758805 0.241195 0.198362 12276 8465 4041 0.557153 0.55836 0.554397 1 0.42658 0.263165 0.157668 0.989688 2303.8 2308.85 2363 1.0257 1.02345 59.2 54.15 50082 9220 8465 102 0.266161 17756 0 0.177129 0 27765 27316 9220 8465 5488 4041 102 0.983829 0 0 0 0 0 0 0 0 0 0 0 0 0 0 0 0 0 0 0 0 0 0 0 0 0 0 0 0 0 0 0 0 0 0.198354 0.438393 0 0.191872 0 0 0.198354 27765 27316 27316 814 9220 0.983829
soc-sign-epinions 0.176878 1.2 0.147398 0.096729 1.82859 1.52383 96729 166 9182 9309 50050 3035 9274 19062 1.28317 2.28733 33753.1 1.28374 3.50451 67476.2 33723.1 0.900923 0.321833 0.834838 0.720587 24300.5 58053.6 3497 462 0.0990768 0.524235 0.279413 0.132192 1593 0.0990768 0.279413 0.271125 0.173603 0.00832118 0.00109999 0.99945 0.856811 0.870528 6.38235 2.10188 0.475765 0.524235 0.224695 0.299541 0.428615 12378 3.51562 225 225 3497 77 10 9.57466 0.957466 0.0425339 0.00421412 3497 1593 66 0.343997 0.645201 0.432166 3 0.284414 0.637301 0.836075 0.796015 1323.3 1797.55 3288 2.4847 1.82916 1964.7 1490.45 55521 462 1593 47 0.637231 15161 0 0.868423 0 23994 2245 462 1593 77 66 47 0.0935651 0 0 0 0 0 0 0 0 0 0 0 0 0 0 0 0 0 0 0 0 0 0 0 0 0 0 0 0 0 0 0 0 0 0 0 0 0.844694 0 0 0 23994 2245 2245 1 462 0.0935651
webbase-1M 0.867231 0.7 1.2389 1.1321 0.766039 1.09434 1132097 166 67503 65872 916935 18397 46070 41283 4.66576 5.66669 452820 4.66594 1.47282 905605 452785 0.968395 1 0.157606 0.896798 406057 858877 20441 2044 0 0.4653 0.103202 0.1 8331 0 0.103202 0.132485 0.126497 0.0022247 0.00022247 0.999889 0.345481 0.659218 3.10552 1.87021 0.5347 0.4653 0.239108 0.226193 0.513878 43957 15.6719 1003 1003 20441 0 10 16.3334 1.63334 0 0 20441 8331 0 0.827441 0.754325 0.50556 3 0.454055 0.72884 1 0.993044 11417.3 12458.4 12654 1.10832 1.0157 1236.7 195.6 918775 2044 8331 0 0.632092 109141 0 1 0 464495 10375 2044 8331 0 0 0 0.0223361 0 0 0 0 0 0 0 0 0 0 0 0 0 0 0 0 0 0 0 0 0 0 0 0 0 0 0 0 0 0 0 0 0 0.0290614 0.203476 0 0.750753 0 0.0474639 0.0290614 464495 10375 10375 24 2044 0.0223361
xenon2 0.234144 5.6 0.0418114 0.066251 3.5342 0.631106 66251 166 14540 13845 27441 3318 11719 11585 0.23596 1.23673 28527 0.236084 1.03695 57024 28497 0.103109 0.0591835 0.0123169 0.0808523 2304.05 30831 12689 9371 0.896891 0.91134 0.919148 0.839837 8281 0.896891 0.919148 0.395908 0.756244 0.239644 0.201262 0.899369 0.0752165 0.0752165 24.556 11.2791 0.0886596 0.91134 0.733377 0.177964 0.804723 27036 9.04688 579 579 12689 5657 10 7.47347 0.747347 0.252653 0.226602 12689 8281 3452 0.565785 0.542058 0.577767 1 0.43293 0.225538 0.114289 0.993166 2376.4 2383.25 2420 1.01835 1.01542 43.6 36.75 44466 9371 8281 60 0.223444 17634 0 0.116516 0 25690 30497 9371 8281 5657 3452 60 1 0 0 0 0 0 0 0 0 0 0 0 0 0 0 0 0 0 0 0 0 0 0 0 0 0 0 0 0 0 0 0 0 0 0.235356 0.498579 0 0.0885062 0 0 0.235356 25690 30497 26821 1193 9371 1.04402
gmean_target_speedup: 2.19727
gmean_model_speedup: 2.16768
gmean_speedup_error_ratio: 0.986536
