# SparsePIM DRAF+BGA structural model results
model_variant: v4_draf_memory_saving_only
latency_scope: setup + DRAF access + padding model + BGA + result readback
columns: matrix gpu_ms target_speedup target_pim_ms model_ms model_speedup speedup_error_ratio total_cycle setup_cycle draf_row_fetch_cycle draf_compute_trigger_cycle padding_cycle bga_accumulate_cycle bga_output_readback_cycle final_reduce_cycle draf_padding_ratio draf_memory_expansion critical_padding critical_padding_ratio bg_imbalance total_padding_steps hidden_padding_steps fragmentation memory_pressure imbalance_pressure exposure_factor exposed_hidden_padding effective_padding_steps bga_raw_accumulate_cycle bga_hidden_accumulate_cycle bga_regularity_score bga_reuse_score bga_padding_guard bga_overlap_factor draf_stream_hidden_cycle draf_stream_regularity_score draf_stream_guard_score draf_access_share draf_stream_overlap_factor draf_bga_window_occupancy draf_bga_contention_score draf_stream_budget_factor row_nnz_gini col_nnz_gini mean_nnz_per_col bga_row_reuse_factor bga_unique_row_ratio bga_duplicate_partial_ratio bga_capacity_pressure bga_stream_capacity_flushes bga_critical_flushes bga_reuse_aware_accumulate_cycle draf_memory_saved_cycle draf_coo_bytes_per_nnz draf_bytes_per_nnz draf_vs_coo_memory_ratio draf_memory_saving_factor draf_exposed_memory_saving_factor conservative_bga_floor_cycle memory_budgeted_stream_hidden_cycle draf_memory_padding_saved_cycle draf_memory_long_stream_score conservative_bga_floor_factor stream_memory_budget_factor
ASIC_100k 0.138408 1.4 0.0988629 0.132006 1.0485 0.748927 132006 166 8277 8114 27171 35030 33872 19296 0.923852 1.92703 27170.6 0.924346 3.33888 54312.2 27141.6 0.98638 0.231758 0.779628 0.739318 20066.3 47236.9 35030 3658 0.0136199 0.566167 0.260682 0.104444 0 0.0136199 0.260682 0.124145 0.127314 0 0 1 0.338269 0.338269 9.4687 2.30504 0.433833 0.566167 22.6719 1451 5838 17374 25 10 8.85407 0.885407 0.114593 0.00156075 0 0 0 0 0 1
Stanford 0.350585 1.3 0.269681 0.188496 1.85991 1.4307 188496 166 20267 19806 96078 14905 17104 20252 1.32929 2.33052 96077.5 1.32951 1.66137 192124 96046.5 0.861606 0.332631 0.220457 0.638798 61354.3 157432 14905 2399 0.138394 0.74676 0.361202 0.160997 0 0.138394 0.361202 0.212383 0.177468 0 0 1 0.775986 0.534566 8.20317 3.94882 0.25324 0.74676 9.67188 619 2484 5040 187 10 9.66105 0.966105 0.0338954 0.00469093 0 0 0 0 0 1
bcsstk32 0.099581 2 0.0497905 0.044331 2.24631 1.12315 44331 166 7391 7228 11940 12584 3849 4831 0.189409 1.19077 11939.6 0.18964 1.06383 23850.2 11910.6 0.0167679 0.0476918 0.0212775 0.026496 315.584 12255.2 12584 11635 0.952308 0.9395 0.973504 0.924653 0 0.952308 0.973504 0.303967 0.809746 0 0 1 0.174199 0.174199 45.1636 16.5288 0.0605003 0.9395 3.60938 231 2097 2450 3763 10 7.38153 0.738153 0.261847 0.257456 0 0 0 0 0 1
cant 0.129579 2.2 0.0588995 0.072385 1.79014 0.813698 72385 166 14056 13348 15332 25118 4942 6834 0.122305 1.12319 15331.3 0.122424 1.06817 30632.6 15301.3 0.00389105 0.0307977 0.0227231 0.0138463 211.865 15543.1 25118 23906 0.969202 0.957134 0.986154 0.951766 0 0.969202 0.986154 0.342974 0.837643 0 0 1 0.111077 0.111077 64.1684 23.3283 0.0428664 0.957134 13.4062 858 4186 5682 7516 10 7.24638 0.724638 0.275362 0.27429 0 0 0 0 0 1
consph 0.170734 2.3 0.0742322 0.123682 1.38043 0.600186 123682 166 22221 21298 33711 37652 8414 11088 0.179377 1.17991 33710.5 0.179476 1.07062 67384 33673.5 0.0438596 0.0449781 0.0235415 0.0421634 1419.79 35130.3 37652 34750 0.955022 0.956621 0.957837 0.922931 0 0.955022 0.957837 0.32316 0.80496 0 0 1 0.10222 0.10222 72.1252 23.0524 0.0433794 0.956621 24.1562 1546 6275 9617 10985 10 7.35982 0.735982 0.264018 0.252438 0 0 0 0 0 1
crankseg_2 0.222282 3 0.074094 0.194626 1.1421 0.380699 194626 166 45983 44513 16377 91172 9562 13207 0.0370013 1.0372 16376.2 0.0370375 1.10754 32720.4 16344.2 0 0.00930093 0.035848 0.00637508 104.196 16480.4 91172 60890 0.990699 0.980553 0.993625 0.98206 0 0.990699 0.993625 0.409297 0.870928 0 0 1 0.229077 0.229077 221.637 51.4229 0.0194466 0.980553 59.3438 3798 15195 23034 26475 10 7.07441 0.707441 0.292559 0.292559 0 0 0 0 0 1
ct20stif 0.106881 2.1 0.0508957 0.055193 1.9365 0.922141 55193 166 9102 9263 13118 16021 6032 6210 0.161271 1.16234 13117.8 0.161431 1.05924 26209.6 13091.8 0.018097 0.0405855 0.019747 0.0250086 327.407 13445.2 16021 14936 0.959415 0.94167 0.974991 0.932288 0 0.959415 0.974991 0.305997 0.815994 0 0 1 0.180374 0.180374 49.6913 17.1437 0.0583303 0.94167 6.64062 425 2670 3225 4824 10 7.32468 0.732468 0.267532 0.26269 0 0 0 0 0 1
lhr71 0.117986 1.8 0.0655478 0.060996 1.93432 1.07462 60996 166 7539 7338 29300 9428 4036 4608 0.627281 1.62939 29299.3 0.62756 1.1143 58572.6 29273.3 0.41147 0.157348 0.0380986 0.297896 8720.41 38019.7 9428 4784 0.58853 0.903595 0.702104 0.507463 0 0.58853 0.702104 0.237956 0.436837 0 0 1 0.596627 0.381493 21.2507 10.3729 0.0964052 0.903595 2.20312 141 1571 1724 1524 10 8.25878 0.825878 0.174122 0.102476 0 0 0 0 0 1
ohne2 0.279932 3.2 0.0874787 0.16172 1.73097 0.540927 161720 166 26008 25095 47426 43940 14328 17694 0.220822 1.22125 47425.4 0.220906 1.0912 94814.8 47389.4 0.00206239 0.0553128 0.0304006 0.0208713 989.08 48414.5 43940 40390 0.944687 0.932396 0.979129 0.919229 0 0.944687 0.979129 0.292415 0.805962 0 0 1 0.318983 0.194149 37.8837 14.7921 0.0676037 0.932396 22.2969 1427 7323 10417 13042 10 7.4425 0.74425 0.25575 0.255222 0 0 0 0 0 1
pdb1HYS 0.103166 5.4 0.0191048 0.066667 1.54748 0.286571 66667 166 14199 13504 8588 27367 4905 5791 0.0631019 1.06368 8587.09 0.0632455 1.07464 17135.2 8548.09 0 0.0159209 0.0248798 0.00726426 62.0956 8649.19 27367 22092 0.984079 0.970295 0.992736 0.972612 0 0.984079 0.992736 0.371229 0.858097 0 0 1 0.150686 0.150686 119.306 33.6647 0.0297047 0.970295 17.375 1112 4561 6852 7958 10 7.12737 0.712737 0.287263 0.287263 0 0 0 0 0 1
pwtk 0.361986 3.6 0.100552 0.232186 1.55903 0.433065 232186 166 41256 39886 65266 70717 17443 18697 0.181186 1.18146 65265.5 0.181223 1.04484 130504 65238.5 0.00223479 0.0453641 0.0149474 0.0164449 1072.84 66338.3 70717 66255 0.954636 0.955133 0.983555 0.936904 0 0.954636 0.983555 0.320041 0.821264 0 0 1 0.0278782 0.0278782 52.8843 22.2882 0.0448669 0.955133 17.375 1112 11786 11636 21350 10 7.36291 0.736291 0.263709 0.263119 0 0 0 0 0 1
rma10 0.102458 2.3 0.044547 0.046497 2.20354 0.958061 46497 166 8172 7956 9371 15008 5556 4479 0.128488 1.12977 9370.88 0.128749 1.07738 18703.8 9332.88 0.0224618 0.0324414 0.0257927 0.0257888 240.684 9611.56 15008 14123 0.967559 0.949127 0.974211 0.941065 0 0.967559 0.974211 0.317374 0.823299 0 0 1 0.302865 0.30285 49.7297 19.6568 0.050873 0.949127 9.32812 597 2501 3736 4320 10 7.25953 0.725953 0.274047 0.267891 0 0 0 0 0 1
shipsec1 0.208423 2.1 0.099249 0.101244 2.05862 0.980296 101244 166 14159 13512 32698 21985 10469 13638 0.293053 1.29403 32697.5 0.293237 1.04874 65354 32656.5 0.177584 0.0735065 0.0162479 0.130227 4252.77 36950.3 21985 16512 0.822416 0.899368 0.869773 0.751085 0 0.822416 0.869773 0.259257 0.652572 0 0 1 0.232045 0.232045 25.3288 9.93724 0.100632 0.899368 9.14062 585 3664 5118 5488 10 7.58805 0.758805 0.241195 0.198362 0 0 0 0 0 1
soc-sign-epinions 0.176878 1.2 0.147398 0.086195 2.05207 1.71006 86195 166 9182 9309 33754 5420 9274 19062 1.28317 2.28733 33753.1 1.28374 3.50451 67476.2 33723.1 0.900923 0.321833 0.834838 0.720587 24300.5 58053.6 5420 716 0.0990768 0.524235 0.279413 0.132192 0 0.0990768 0.279413 0.214334 0.162245 0 0 1 0.856811 0.870528 6.38235 2.10188 0.475765 0.524235 3.51562 225 903 2087 77 10 9.57466 0.957466 0.0425339 0.00421412 0 0 0 0 0 1
webbase-1M 0.867231 0.7 1.2389 0.700917 1.23728 1.76754 700917 166 67503 65872 452820 27098 46070 41283 4.66576 5.66669 452820 4.66594 1.47282 905605 452785 0.968395 1 0.157606 0.896798 406057 858877 27098 2709 0 0.4653 0.103202 0.1 0 0 0.103202 0.190286 0.138057 0 0 1 0.345481 0.659218 3.10552 1.87021 0.5347 0.4653 15.6719 1003 4516 10893 0 10 16.3334 1.63334 0 0 0 0 0 0 0 1
xenon2 0.234144 5.6 0.0418114 0.097463 2.40239 0.428998 97463 166 14540 13845 28527 23408 11719 11585 0.23596 1.23673 28527 0.236084 1.03695 57024 28497 0.103109 0.0591835 0.0123169 0.0808523 2304.05 30831 23408 19658 0.896891 0.91134 0.919148 0.839837 0 0.896891 0.919148 0.273209 0.731704 0 0 1 0.0752165 0.0752165 24.556 11.2791 0.0886596 0.91134 9.04688 579 3901 5675 6432 10 7.47347 0.747347 0.252653 0.226602 0 0 0 0 0 1
gmean_target_speedup: 2.19727
gmean_model_speedup: 1.71013
gmean_speedup_error_ratio: 0.778297
