# SparsePIM DRAF+BGA phase diagnostics
model_variant: v5_exposure
source_results: spmv_guided_kmeans_draf_bga_v5_structural_results.txt
notes: alternative totals are diagnostic only, not adopted models
columns: matrix target_speedup model_speedup model_over_target target_pim_ms model_ms excess_ms setup_pct fetch_pct compute_pct padding_pct bga_pct readback_pct final_pct mode_cycle compute_bga_overlap_ms compute_bga_overlap_speedup compute_bga_overlap_over_target aggressive_overlap_ms aggressive_overlap_speedup aggressive_overlap_over_target wide_final_ms wide_final_speedup wide_final_over_target compute_bga_overlap_wide_final_ms compute_bga_overlap_wide_final_speedup compute_bga_overlap_wide_final_over_target
ASIC_100k 1.4 0.909998 0.649999 0.0988629 0.152097 0.0532341 0.109141 5.44192 5.33475 31.0572 23.0314 22.27 12.6866 105 0.117067 1.1823 0.844498 0.10879 1.27225 0.908749 0.137625 1.00569 0.71835 0.102595 1.34907 0.963623
Stanford 1.3 1.40213 1.07856 0.269681 0.250037 -0.0196438 0.0663902 8.1056 7.92123 62.9635 5.96112 6.84059 8.0996 105 0.235132 1.49101 1.14693 0.214865 1.63165 1.25512 0.234848 1.49282 1.14832 0.219943 1.59398 1.22614
bcsstk32 2 2.05703 1.02852 0.0497905 0.04841 -0.0013805 0.342904 15.2675 14.9308 25.3171 25.9946 7.95084 9.97934 105 0.035826 2.77957 1.38979 0.028435 3.50206 1.75103 0.044787 2.22344 1.11172 0.032203 3.09229 1.54614
cant 2.2 1.61745 0.735206 0.0588995 0.080113 0.0212135 0.207207 17.5452 16.6615 19.4026 31.3532 6.16879 8.53045 105 0.054995 2.3562 1.071 0.040939 3.16517 1.43871 0.074988 1.728 0.785453 0.04987 2.59834 1.18106
consph 2.3 1.25459 0.545476 0.0742322 0.136087 0.0618548 0.121981 16.3285 15.6503 25.8151 27.6676 6.18281 8.14773 117 0.098435 1.73448 0.754124 0.076214 2.24019 0.973997 0.127771 1.33625 0.580978 0.090119 1.89454 0.823713
crankseg_2 3 1.00487 0.334956 0.074094 0.221205 0.147111 0.0750435 20.7875 20.123 7.45055 41.2161 4.32269 5.97048 121 0.160211 1.38743 0.462478 0.114228 1.94595 0.64865 0.2113 1.05197 0.350658 0.150306 1.47886 0.492954
ct20stif 2.1 1.77117 0.843412 0.0508957 0.060345 0.00944929 0.275085 15.0833 15.3501 22.2819 26.549 9.99586 10.2908 105 0.044324 2.41136 1.14827 0.035222 3.0345 1.445 0.055688 1.91928 0.913944 0.039667 2.69446 1.28307
lhr71 1.8 1.65618 0.920098 0.0655478 0.07124 0.00569222 0.233015 10.5825 10.3004 53.3689 13.2341 5.66536 6.46828 105 0.061812 1.90879 1.06044 0.054273 2.17394 1.20774 0.067784 1.74062 0.96701 0.058356 2.02183 1.12324
ohne2 3.2 1.59278 0.497743 0.0874787 0.175751 0.0882722 0.0944518 14.7982 14.2787 27.5475 25.0013 8.15244 10.0677 105 0.131811 2.12374 0.663668 0.105803 2.64579 0.826808 0.162481 1.72286 0.538394 0.118541 2.36148 0.737962
pdb1HYS 5.4 1.38131 0.255798 0.0191048 0.074687 0.0555822 0.222261 19.0113 18.0808 11.5817 36.6423 6.56741 7.75369 105 0.052533 1.96383 0.363673 0.038334 2.69124 0.498378 0.070344 1.46659 0.271591 0.04819 2.14082 0.396448
pwtk 3.6 1.42173 0.394926 0.100552 0.254609 0.154057 0.065198 16.2037 15.6656 26.0552 27.7747 6.8509 7.34342 105 0.183892 1.96847 0.546797 0.142636 2.53783 0.704953 0.240587 1.5046 0.417943 0.16987 2.13096 0.591933
rma10 2.3 2.0067 0.872478 0.044547 0.051058 0.00651104 0.32512 16.0053 15.5823 18.8256 29.394 10.8817 8.77238 109 0.03605 2.84211 1.2357 0.027878 3.67523 1.59793 0.047699 2.14801 0.933918 0.032691 3.13413 1.36267
shipsec1 2.1 1.87794 0.894256 0.099249 0.110985 0.011736 0.14957 12.7576 12.1746 33.2937 19.809 9.43281 12.2881 105 0.089 2.34183 1.11516 0.074841 2.78488 1.32613 0.100757 2.06857 0.985034 0.078772 2.6459 1.25995
soc-sign-epinions 1.2 1.59966 1.33305 0.147398 0.110572 -0.0368263 0.150128 8.30409 8.41895 52.5033 4.90178 8.3873 17.2394 105 0.105152 1.68212 1.40176 0.09597 1.84306 1.53588 0.096276 1.8372 1.531 0.090856 1.94679 1.62233
webbase-1M 0.7 0.783425 1.11918 1.2389 1.10697 -0.131927 0.0149958 6.09798 5.95064 77.5878 2.44793 4.1618 3.72936 105 1.07988 0.803084 1.14726 1.01237 0.856632 1.22376 1.07601 0.805968 1.15138 1.04891 0.826789 1.18113
xenon2 5.6 2.20475 0.393705 0.0418114 0.1062 0.0643886 0.156309 13.6911 13.0367 29.032 22.0414 11.0348 10.9087 105 0.082792 2.8281 0.505018 0.068252 3.43058 0.612604 0.097512 2.40118 0.428782 0.074104 3.15967 0.564226
