# SparsePIM structural residual feature analysis
model_variant: v12_stronger_draf_memory_conservative_overlap
source_results: spmv_guided_kmeans_draf_bga_v12_structural_results.txt
residual_definition: log(model_speedup) - log(target_speedup)
notes: correlations are diagnostic only; model equations do not fit to targets
columns: matrix residual_log model_speedup target_speedup mean_nnz_per_col row_nnz_gini col_nnz_gini single_nnz_column_ratio low_nnz_column_ratio draf_memory_expansion critical_padding_ratio exposure_factor bga_reduction_ratio bga_row_reuse_factor bga_unique_row_ratio bga_duplicate_partial_ratio bga_capacity_pressure bga_stream_capacity_flushes bga_critical_flushes bga_reuse_aware_accumulate_cycle draf_access_share draf_bga_window_occupancy draf_bga_contention_score draf_vs_coo_memory_ratio draf_exposed_memory_saving_factor
ASIC_100k -0.348194 0.988346 1.4 9.4687 0.338269 0.338269 0.000754983 0.98638 1.92703 0.924346 0.739318 0.566167 2.30504 0.433833 0.566167 22.6719 1451 1451 26273 0.116582 0.0495745 0.00517774 0.885407 0.00156075
Stanford 0.107331 1.44729 1.3 8.20317 0.775986 0.534566 0.101636 0.861606 2.33052 1.32951 0.638798 0.74676 3.94882 0.25324 0.74676 9.67188 619 619 11179 0.16389 0.0101502 0.00163415 0.966105 0.00469093
bcsstk32 0.514491 3.34557 2 45.1636 0.174199 0.174199 0 0.0167679 1.19077 0.18964 0.026496 0.9395 16.5288 0.0605003 0.9395 3.60938 231 231 9438 0.400104 0.447855 0.41411 0.738153 0.257456
cant 0.312751 3.0078 2.2 64.1684 0.111077 0.111077 0.00389105 0.00389105 1.12319 0.122424 0.0138463 0.957134 23.3283 0.0428664 0.957134 13.4062 858 858 18839 0.490197 0.620587 0.590654 0.724638 0.27429
consph -0.0572376 2.17205 2.3 72.1252 0.10222 0.10222 0.0438596 0.0438596 1.17991 0.179476 0.0421634 0.956621 23.0524 0.0433794 0.956621 24.1562 1546 1546 28239 0.432543 0.461855 0.42626 0.735982 0.252438
crankseg_2 -0.296911 2.22933 3 221.637 0.229077 0.229077 0 0 1.0372 0.0370375 0.00637508 0.980553 51.4229 0.0194466 0.980553 59.3438 3798 3798 68379 0.658545 1 0.98206 0.707441 0.292559
ct20stif 0.330851 2.92352 2.1 49.6913 0.180374 0.180374 0 0.018097 1.16234 0.161431 0.0250086 0.94167 17.1437 0.0583303 0.94167 6.64062 425 425 12016 0.406863 0.493285 0.459883 0.732468 0.26269
lhr71 0.0749264 1.94005 1.8 21.2507 0.596627 0.381493 0.135981 0.41147 1.62939 0.62756 0.297896 0.903595 10.3729 0.0964052 0.903595 2.20312 141 141 7071 0.227843 0.079104 0.0401424 0.825878 0.102476
ohne2 -0.197669 2.62605 3.2 37.8837 0.318983 0.194149 0 0.00206239 1.22125 0.220906 0.0208713 0.932396 14.7921 0.0676037 0.932396 22.2969 1427 1427 32955 0.380024 0.412094 0.378808 0.74425 0.255222
pdb1HYS -0.636629 2.85699 5.4 119.306 0.150686 0.150686 0 0 1.06368 0.0632455 0.00726426 0.970295 33.6647 0.0297047 0.970295 17.375 1112 1112 20526 0.578556 0.901101 0.876422 0.712737 0.287263
pwtk -0.348369 2.54102 3.6 52.8843 0.0278782 0.0278782 0 0.00223479 1.18146 0.181223 0.0164449 0.955133 22.2882 0.0448669 0.955133 17.375 1112 1112 53038 0.433361 0.46779 0.438274 0.736291 0.263119
rma10 0.410426 3.46716 2.3 49.7297 0.302865 0.30285 0 0.0224618 1.12977 0.128749 0.0257888 0.949127 19.6568 0.050873 0.949127 9.32812 597 597 11256 0.439287 0.602914 0.567381 0.725953 0.267891
shipsec1 0.212 2.59591 2.1 25.3288 0.232045 0.232045 0 0.177584 1.29403 0.293237 0.130227 0.899368 9.93724 0.100632 0.899368 9.14062 585 585 16489 0.297202 0.245408 0.184322 0.758805 0.198362
soc-sign-epinions 0.312685 1.64051 1.2 6.38235 0.856811 0.870528 0.468233 0.900923 2.28733 1.28374 0.720587 0.524235 2.10188 0.475765 0.524235 3.51562 225 225 4065 0.170142 0.00797174 0.0010538 0.957466 0.00421412
webbase-1M 0.124316 0.792661 0.7 3.10552 0.345481 0.659218 0.919394 0.968395 5.66669 4.66594 0.896798 0.4653 1.87021 0.5347 0.4653 15.6719 1003 1003 20324 0.121452 0.00219735 0.000219735 1.63334 0
xenon2 -0.540603 3.26142 5.6 24.556 0.0752165 0.0752165 0.000342936 0.103109 1.23673 0.236084 0.0808523 0.91134 11.2791 0.0886596 0.91134 9.04688 579 579 17556 0.331585 0.330013 0.277157 0.747347 0.226602

# Pearson correlation with residual_log
columns: feature pearson_r
mean_nnz_per_col -0.332962
row_nnz_gini 0.311163
col_nnz_gini 0.351864
single_nnz_column_ratio 0.214629
low_nnz_column_ratio 0.0904162
draf_memory_expansion 0.143688
critical_padding_ratio 0.14348
exposure_factor 0.104364
bga_reduction_ratio -0.112971
bga_row_reuse_factor -0.309886
bga_unique_row_ratio 0.112971
bga_duplicate_partial_ratio -0.112971
bga_capacity_pressure -0.476733
bga_stream_capacity_flushes -0.476733
bga_critical_flushes -0.476733
bga_reuse_aware_accumulate_cycle -0.545901
draf_access_share -0.216965
draf_bga_window_occupancy -0.261543
draf_bga_contention_score -0.255279
draf_vs_coo_memory_ratio 0.143688
draf_exposed_memory_saving_factor -0.125159
