# SparsePIM DRAF+BGA phase diagnostics
model_variant: v8_draf_bga_budgeted_streaming_overlap
source_results: spmv_guided_kmeans_draf_bga_v8_structural_results.txt
notes: alternative totals are diagnostic only, not adopted models
columns: matrix target_speedup model_speedup model_over_target target_pim_ms model_ms excess_ms setup_pct fetch_pct compute_pct padding_pct bga_pct readback_pct final_pct mode_cycle compute_bga_overlap_ms compute_bga_overlap_speedup compute_bga_overlap_over_target aggressive_overlap_ms aggressive_overlap_speedup aggressive_overlap_over_target wide_final_ms wide_final_speedup wide_final_over_target compute_bga_overlap_wide_final_ms compute_bga_overlap_wide_final_speedup compute_bga_overlap_wide_final_over_target
ASIC_100k 1.4 0.938786 0.670561 0.0988629 0.147433 0.0485701 0.112594 5.61408 5.50352 32.0396 21.2788 22.9745 13.088 105 0.116061 1.19255 0.851818 0.107784 1.28412 0.917231 0.132961 1.04097 0.743548 0.101589 1.36243 0.973165
Stanford 1.3 1.43489 1.10377 0.269681 0.244328 -0.0253528 0.0679415 8.295 8.10632 64.4347 5.11853 7.00043 8.28886 105 0.231822 1.5123 1.16331 0.211555 1.65718 1.27475 0.229139 1.53001 1.17693 0.216633 1.61834 1.24487
bcsstk32 2 3.0696 1.5348 0.0497905 0.032441 -0.0173495 0.511698 22.7829 22.2804 37.7794 2.92531 11.8646 14.8916 105 0.031492 3.1621 1.58105 0.024101 4.13182 2.06591 0.028818 3.45551 1.72776 0.027869 3.57318 1.78659
cant 2.2 2.63393 1.19724 0.0588995 0.049196 -0.00970355 0.337426 28.5714 27.1323 31.5961 2.46361 10.0455 13.8914 105 0.047984 2.70046 1.22748 0.033928 3.81923 1.73602 0.044071 2.94023 1.33647 0.042859 3.02338 1.37426
consph 2.3 1.92394 0.836494 0.0742322 0.088742 0.0145098 0.187059 25.04 23.9999 39.5878 3.27015 9.48142 12.4946 117 0.08584 1.98898 0.864774 0.063619 2.6837 1.16682 0.080426 2.12287 0.922987 0.077524 2.20234 0.957538
crankseg_2 3 1.59028 0.530095 0.074094 0.139775 0.065681 0.118762 32.8979 31.8462 11.7911 21.5904 6.84099 9.44876 121 0.109597 2.02818 0.676059 0.063614 3.49423 1.16474 0.12987 1.71157 0.570524 0.099692 2.22969 0.743229
ct20stif 2.1 2.66304 1.26811 0.0508957 0.040135 -0.0107607 0.413604 22.6785 23.0796 33.5019 2.70338 15.0293 15.4728 105 0.03905 2.73703 1.30335 0.029948 3.56889 1.69947 0.035478 3.0126 1.43457 0.034393 3.10764 1.47983
lhr71 1.8 1.86221 1.03456 0.0655478 0.063358 -0.00218978 0.262003 11.899 11.5818 60.0082 7.32978 6.37015 7.27296 105 0.058714 2.0095 1.11639 0.051175 2.30554 1.28086 0.059902 1.96965 1.09425 0.055258 2.13518 1.18621
ohne2 3.2 2.33423 0.729445 0.0874787 0.119925 0.0324463 0.13842 21.6869 20.9256 40.3711 2.96018 11.9475 14.7542 105 0.116375 2.40543 0.751697 0.090367 3.09772 0.968039 0.106655 2.62465 0.820203 0.103105 2.71502 0.848443
pdb1HYS 5.4 2.22508 0.412053 0.0191048 0.046365 0.0272602 0.358029 30.6244 29.1254 18.6563 11.2434 10.5791 12.49 105 0.041152 2.50695 0.46425 0.026953 3.82763 0.70882 0.042022 2.45505 0.454638 0.036809 2.80274 0.519026
pwtk 3.6 2.19993 0.611093 0.100552 0.164544 0.0639923 0.100885 25.0729 24.2403 40.3169 2.71174 10.6008 11.3629 105 0.160082 2.26125 0.628126 0.118826 3.04635 0.846209 0.150522 2.40487 0.66802 0.14606 2.47834 0.688427
rma10 2.3 3.12887 1.36038 0.044547 0.032746 -0.011801 0.506932 24.9557 24.2961 29.3532 2.70262 16.967 13.678 109 0.031861 3.21578 1.39817 0.023689 4.32513 1.88049 0.029387 3.48651 1.51587 0.028502 3.59477 1.56294
shipsec1 2.1 2.40507 1.14527 0.099249 0.08666 -0.012589 0.191553 16.3386 15.592 42.639 6.31549 12.0805 15.7374 105 0.081187 2.5672 1.22247 0.067028 3.10949 1.48071 0.076432 2.72691 1.29853 0.070959 2.93723 1.39868
soc-sign-epinions 1.2 1.63093 1.35911 0.147398 0.108452 -0.0389463 0.153063 8.46642 8.58352 53.5297 4.3374 8.55125 17.5764 105 0.103748 1.70488 1.42073 0.094566 1.87042 1.55868 0.094156 1.87856 1.56547 0.089452 1.97735 1.64779
webbase-1M 0.7 0.791205 1.13029 1.2389 1.09609 -0.142812 0.0151448 6.15853 6.00973 78.3583 2.22509 4.20313 3.76639 105 1.0717 0.809211 1.15602 1.0042 0.863606 1.23372 1.06513 0.814204 1.16315 1.04074 0.833285 1.19041
xenon2 5.6 2.9957 0.534947 0.0418114 0.07816 0.0363486 0.212385 18.6029 17.7137 39.4473 4.79785 14.9936 14.8222 105 0.07441 3.14667 0.561906 0.05987 3.91087 0.69837 0.069472 3.37034 0.601846 0.065722 3.56264 0.636186
