# SparsePIM DRAF+BGA structural model results
model_variant: v6_bga_overlap
latency_scope: setup + DRAF access + padding model + BGA + result readback
columns: matrix gpu_ms target_speedup target_pim_ms model_ms model_speedup speedup_error_ratio total_cycle setup_cycle draf_row_fetch_cycle draf_compute_trigger_cycle padding_cycle bga_accumulate_cycle bga_output_readback_cycle final_reduce_cycle draf_padding_ratio draf_memory_expansion critical_padding critical_padding_ratio bg_imbalance total_padding_steps hidden_padding_steps fragmentation memory_pressure imbalance_pressure exposure_factor exposed_hidden_padding effective_padding_steps bga_raw_accumulate_cycle bga_hidden_accumulate_cycle bga_regularity_score bga_reuse_score bga_padding_guard bga_overlap_factor
ASIC_100k 0.138408 1.4 0.0988629 0.148439 0.932423 0.666017 148439 166 8277 8114 47237 31372 33872 19296 0.923852 1.92703 27170.6 0.924346 3.33888 54312.2 27141.6 0.98638 0.231758 0.779628 0.739318 20066.3 47236.9 35030 3658 0.0136199 0.566167 0.260682 0.104444
Stanford 0.350585 1.3 0.269681 0.247638 1.41572 1.08901 247638 166 20267 19806 157432 12506 17104 20252 1.32929 2.33052 96077.5 1.32951 1.66137 192124 96046.5 0.861606 0.332631 0.220457 0.638798 61354.3 157432 14905 2399 0.138394 0.74676 0.361202 0.160997
bcsstk32 0.099581 2 0.0497905 0.036775 2.70785 1.35392 36775 166 7391 7228 12256 949 3849 4831 0.189409 1.19077 11939.6 0.18964 1.06383 23850.2 11910.6 0.0167679 0.0476918 0.0212775 0.026496 315.584 12255.2 12584 11635 0.952308 0.9395 0.973504 0.924653
cant 0.129579 2.2 0.0588995 0.056207 2.30539 1.0479 56207 166 14056 13348 15544 1212 4942 6834 0.122305 1.12319 15331.3 0.122424 1.06817 30632.6 15301.3 0.00389105 0.0307977 0.0227231 0.0138463 211.865 15543.1 25118 23906 0.969202 0.957134 0.986154 0.951766
consph 0.170734 2.3 0.0742322 0.101337 1.68481 0.732528 101337 166 22221 21298 35131 2902 8414 11088 0.179377 1.17991 33710.5 0.179476 1.07062 67384 33673.5 0.0438596 0.0449781 0.0235415 0.0421634 1419.79 35130.3 37652 34750 0.955022 0.956621 0.957837 0.922931
crankseg_2 0.222282 3 0.074094 0.160211 1.38743 0.462478 160211 166 45983 44513 16481 30178 9562 13207 0.0370013 1.0372 16376.2 0.0370375 1.10754 32720.4 16344.2 0 0.00930093 0.035848 0.00637508 104.196 16480.4 91172 60994 0.990699 0.980553 0.993625 0.98206
ct20stif 0.106881 2.1 0.0508957 0.045409 2.35374 1.12083 45409 166 9102 9263 13446 1085 6032 6210 0.161271 1.16234 13117.8 0.161431 1.05924 26209.6 13091.8 0.018097 0.0405855 0.019747 0.0250086 327.407 13445.2 16021 14936 0.959415 0.94167 0.974991 0.932288
lhr71 0.117986 1.8 0.0655478 0.066456 1.7754 0.986333 66456 166 7539 7338 38020 4644 4036 4608 0.627281 1.62939 29299.3 0.62756 1.1143 58572.6 29273.3 0.41147 0.157348 0.0380986 0.297896 8720.41 38019.7 9428 4784 0.58853 0.903595 0.702104 0.507463
ohne2 0.279932 3.2 0.0874787 0.135361 2.06804 0.646263 135361 166 26008 25095 48415 3550 14328 17694 0.220822 1.22125 47425.4 0.220906 1.0912 94814.8 47389.4 0.00206239 0.0553128 0.0304006 0.0208713 989.08 48414.5 43940 40390 0.944687 0.932396 0.979129 0.919229
pdb1HYS 0.103166 5.4 0.0191048 0.052533 1.96383 0.363673 52533 166 14199 13504 8650 5213 4905 5791 0.0631019 1.06368 8587.09 0.0632455 1.07464 17135.2 8548.09 0 0.0159209 0.0248798 0.00726426 62.0956 8649.19 27367 22154 0.984079 0.970295 0.992736 0.972612
pwtk 0.361986 3.6 0.100552 0.188354 1.92184 0.533844 188354 166 41256 39886 66339 4462 17443 18697 0.181186 1.18146 65265.5 0.181223 1.04484 130504 65238.5 0.00223479 0.0453641 0.0149474 0.0164449 1072.84 66338.3 70717 66255 0.954636 0.955133 0.983555 0.936904
rma10 0.102458 2.3 0.044547 0.036935 2.77401 1.20609 36935 166 8172 7956 9612 885 5556 4479 0.128488 1.12977 9370.88 0.128749 1.07738 18703.8 9332.88 0.0224618 0.0324414 0.0257927 0.0257888 240.684 9611.56 15008 14123 0.967559 0.949127 0.974211 0.941065
shipsec1 0.208423 2.1 0.099249 0.094473 2.20616 1.05055 94473 166 14159 13512 36951 5473 10469 13638 0.293053 1.29403 32697.5 0.293237 1.04874 65354 32656.5 0.177584 0.0735065 0.0162479 0.130227 4252.77 36950.3 21985 16512 0.822416 0.899368 0.869773 0.751085
soc-sign-epinions 0.176878 1.2 0.147398 0.109856 1.61009 1.34174 109856 166 9182 9309 58054 4704 9274 19062 1.28317 2.28733 33753.1 1.28374 3.50451 67476.2 33723.1 0.900923 0.321833 0.834838 0.720587 24300.5 58053.6 5420 716 0.0990768 0.524235 0.279413 0.132192
webbase-1M 0.867231 0.7 1.2389 1.10427 0.785347 1.12192 1104265 166 67503 65872 858877 24389 46070 41283 4.66576 5.66669 452820 4.66594 1.47282 905605 452785 0.968395 1 0.157606 0.896798 406057 858877 27098 2709 0 0.4653 0.103202 0.1
xenon2 0.234144 5.6 0.0418114 0.086542 2.70555 0.483135 86542 166 14540 13845 30832 3750 11719 11585 0.23596 1.23673 28527 0.236084 1.03695 57024 28497 0.103109 0.0591835 0.0123169 0.0808523 2304.05 30831 23408 19658 0.896891 0.91134 0.919148 0.839837
gmean_target_speedup: 2.19727
gmean_model_speedup: 1.80901
gmean_speedup_error_ratio: 0.823302
