# SparsePIM DRAF+BGA structural model results
model_variant: v13_phase_exposure_classified_shared_overlap
latency_scope: setup + DRAF access + padding model + BGA + result readback
columns: matrix gpu_ms target_speedup target_pim_ms model_ms model_speedup speedup_error_ratio total_cycle setup_cycle draf_row_fetch_cycle draf_compute_trigger_cycle padding_cycle bga_accumulate_cycle bga_output_readback_cycle final_reduce_cycle draf_padding_ratio draf_memory_expansion critical_padding critical_padding_ratio bg_imbalance total_padding_steps hidden_padding_steps fragmentation memory_pressure imbalance_pressure exposure_factor exposed_hidden_padding effective_padding_steps bga_raw_accumulate_cycle bga_hidden_accumulate_cycle bga_regularity_score bga_reuse_score bga_padding_guard bga_overlap_factor draf_stream_hidden_cycle draf_stream_regularity_score draf_stream_guard_score draf_access_share draf_stream_overlap_factor draf_bga_window_occupancy draf_bga_contention_score draf_stream_budget_factor row_nnz_gini col_nnz_gini mean_nnz_per_col bga_row_reuse_factor bga_unique_row_ratio bga_duplicate_partial_ratio bga_near_duplicate_partial_ratio bga_far_duplicate_partial_ratio bga_near_duplicate_share accumulator_flush_estimate bga_capacity_pressure bga_stream_capacity_flushes bga_critical_flushes bga_reuse_aware_accumulate_cycle draf_memory_saved_cycle draf_coo_bytes_per_nnz draf_bytes_per_nnz draf_vs_coo_memory_ratio draf_memory_saving_factor draf_exposed_memory_saving_factor conservative_bga_floor_cycle memory_budgeted_stream_hidden_cycle draf_memory_padding_saved_cycle draf_memory_long_stream_score conservative_bga_floor_factor stream_memory_budget_factor phase_class_code bga_bound_score draf_access_bound_score padding_sync_bound_score percentile_tail_exposure_factor group_steps_p90 group_steps_p95 group_steps_max tail_skew_max_over_p90 tail_skew_max_over_p95 p90_to_max_tail_steps p95_to_max_tail_steps shared_overlap_window_cycle shared_bga_overlap_cycle shared_draf_overlap_cycle draf_step_tail_saved_cycle
ASIC_100k 0.138408 1.4 0.0988629 0.127776 1.08321 0.77372 127776 166 8277 8114 33678 24835 33872 19296 0.923852 1.92703 27170.6 0.924346 3.33888 54312.2 27141.6 0.98638 0.231758 0.779628 0.739318 20066.3 47236.9 27731 2896 0.0136199 0.566167 0.260682 0.104444 1034 0.0136199 0.260682 0.127712 0.128028 0.0692956 0.00723748 0.996381 0.338269 0.338269 9.4687 2.30504 0.433833 0.566167 0.481001 0.0851661 0.849574 8190 22.6719 1451 1451 27731 51 10 8.85407 0.885407 0.114593 0.00156075 27731 516 17 0.33061 0.791616 0.49922 3 0.637128 0.575506 0.774543 0.712944 971.8 1068.55 2951 3.03663 2.76169 1979.2 1882.45 41792 2896 1034 9
Stanford 0.350585 1.3 0.269681 0.228754 1.53259 1.17891 228754 166 20267 19806 144994 8351 17104 20252 1.32929 2.33052 96077.5 1.32951 1.66137 192124 96046.5 0.861606 0.332631 0.220457 0.638798 61354.3 157432 9953 1602 0.138394 0.74676 0.361202 0.160997 3357 0.138394 0.361202 0.173442 0.16968 0.00972087 0.00156503 0.999217 0.775986 0.534566 8.20317 3.94882 0.25324 0.74676 0.468619 0.27814 0.627537 27016 9.67188 619 619 9953 621 10 9.66105 0.966105 0.0338954 0.00469093 9953 1670 404 0.594892 0.667752 0.497655 3 0.371287 0.615319 0.753365 0.920993 3244 3602.75 4370 1.3471 1.21296 1126 767.25 164800 1602 3357 30
bcsstk32 0.099581 2 0.0497905 0.029148 3.41639 1.7082 29148 166 7391 7228 12144 426 3849 4831 0.189409 1.19077 11939.6 0.18964 1.06383 23850.2 11910.6 0.0167679 0.0476918 0.0212775 0.026496 315.584 12255.2 5649 5223 0.952308 0.9395 0.973504 0.924653 5250 0.952308 0.973504 0.40451 0.829855 0.269616 0.249301 0.875349 0.174199 0.174199 45.1636 16.5288 0.0605003 0.9395 0.882928 0.0565722 0.939785 9899 3.60938 231 231 5649 5043 10 7.38153 0.738153 0.261847 0.257456 5649 1949 1235 0.39529 0.448837 0.371272 1 0.334743 0.276118 0.074172 0.990928 1206.7 1219.9 1245 1.03174 1.02058 38.3 25.1 19372 5223 5250 45
cant 0.129579 2.2 0.0588995 0.042062 3.08067 1.4003 42062 166 14056 13348 15421 549 4942 6834 0.122305 1.12319 15331.3 0.122424 1.06817 30632.6 15301.3 0.00389105 0.0307977 0.0227231 0.0138463 211.865 15543.1 11366 10817 0.969202 0.957134 0.986154 0.951766 9512 0.969202 0.986154 0.49447 0.867942 0.375995 0.357859 0.82107 0.111077 0.111077 64.1684 23.3283 0.0428664 0.957134 0.837773 0.119361 0.875294 51097 13.4062 858 858 11366 9908 10 7.24638 0.724638 0.275362 0.27429 11366 3451 2330 0.550853 0.452477 0.362855 1 0.472884 0.3144 0.0471585 0.992107 2293.8 2304.85 2346 1.02276 1.01785 52.2 41.15 28769 10817 9512 62
consph 0.170734 2.3 0.0742322 0.077021 2.21672 0.963791 77021 166 22221 21298 34938 1360 8414 11088 0.179377 1.17991 33710.5 0.179476 1.07062 67384 33673.5 0.0438596 0.0449781 0.0235415 0.0421634 1419.79 35130.3 17640 16280 0.955022 0.956621 0.957837 0.922931 15273 0.955022 0.957837 0.436929 0.827714 0.289494 0.267183 0.866408 0.10222 0.10222 72.1252 23.0524 0.0433794 0.956621 0.846119 0.110501 0.884488 88976 24.1562 1546 1546 17640 16873 10 7.35982 0.735982 0.264018 0.252438 17640 5708 5811 0.658979 0.468479 0.373781 1 0.490231 0.349474 0.077361 0.994518 3617.4 3660.85 3706 1.02449 1.01233 88.6 45.15 56236 16280 15273 77
crankseg_2 0.222282 3 0.074094 0.088785 2.5036 0.834533 88785 166 45983 44513 16246 541 9562 13207 0.0370013 1.0372 16376.2 0.0370375 1.10754 32720.4 16344.2 0 0.00930093 0.035848 0.00637508 104.196 16480.4 30133 29592 0.990699 0.980553 0.993625 0.98206 31167 0.990699 0.993625 0.694313 0.927931 0.487039 0.478301 0.760849 0.229077 0.229077 221.637 51.4229 0.0194466 0.980553 0.813978 0.166575 0.830121 221021 59.3438 3798 3798 30133 30530 10 7.07441 0.707441 0.292559 0.292559 30133 11024 3802 0.799947 0.330505 0.35372 1 0.503065 0.269377 0.0206277 0.98576 7612.4 7683.9 7935 1.04238 1.03268 322.6 251.1 60759 29592 31167 253
ct20stif 0.106881 2.1 0.0508957 0.035894 2.97768 1.41794 35894 166 9102 9263 13362 505 6032 6210 0.161271 1.16234 13117.8 0.161431 1.05924 26209.6 13091.8 0.018097 0.0405855 0.019747 0.0250086 327.407 13445.2 7458 6953 0.959415 0.94167 0.974991 0.932288 6525 0.959415 0.974991 0.410437 0.836882 0.307315 0.286506 0.856747 0.180374 0.180374 49.6913 17.1437 0.0583303 0.94167 0.868508 0.0731617 0.922306 18697 6.64062 425 425 7458 6446 10 7.32468 0.732468 0.267532 0.26269 7458 2405 1585 0.451618 0.465491 0.368655 1 0.387079 0.279369 0.0637058 0.993763 1517.7 1540.35 1562 1.02919 1.01406 44.3 21.65 22625 6953 6525 37
lhr71 0.117986 1.8 0.0655478 0.058631 2.01235 1.11797 58631 166 7539 7338 37059 2405 4036 4608 0.627281 1.62939 29299.3 0.62756 1.1143 58572.6 29273.3 0.41147 0.157348 0.0380986 0.297896 8720.41 38019.7 4882 2477 0.58853 0.903595 0.702104 0.507463 3155 0.58853 0.702104 0.235187 0.436284 0.0557921 0.0283124 0.985844 0.596627 0.381493 21.2507 10.3729 0.0964052 0.903595 0.840064 0.0635312 0.929691 5933 2.20312 141 141 4882 3210 10 8.25878 0.825878 0.174122 0.102476 4882 1415 1514 0.398785 0.51772 0.448762 2 0.259042 0.442512 0.348448 0.974728 1239.7 1248.7 1323 1.06719 1.0595 83.3 74.3 44397 2477 3155 172
ohne2 0.279932 3.2 0.0874787 0.104653 2.67486 0.835893 104653 166 26008 25095 47695 1964 14328 17694 0.220822 1.22125 47425.4 0.220906 1.0912 94814.8 47389.4 0.00206239 0.0553128 0.0304006 0.0208713 989.08 48414.5 24304 22340 0.944687 0.932396 0.979129 0.919229 17767 0.944687 0.979129 0.384074 0.824294 0.30691 0.282121 0.85894 0.318983 0.194149 37.8837 14.7921 0.0676037 0.932396 0.670983 0.261413 0.719633 80822 22.2969 1427 1427 24304 21786 10 7.4425 0.74425 0.25575 0.255222 24304 6616 8468 0.695685 0.553116 0.372389 1 0.532259 0.262119 0.0833131 0.985138 4291.4 4321.4 4469 1.04139 1.03416 177.6 147.6 72790 22340 17767 276
pdb1HYS 0.103166 5.4 0.0191048 0.034744 2.96932 0.549874 34744 166 14199 13504 8566 281 4905 5791 0.0631019 1.06368 8587.09 0.0632455 1.07464 17135.2 8548.09 0 0.0159209 0.0248798 0.00726426 62.0956 8649.19 10227 9946 0.984079 0.970295 0.992736 0.972612 9494 0.984079 0.992736 0.583012 0.900454 0.450657 0.438315 0.780843 0.150686 0.150686 119.306 33.6647 0.0297047 0.970295 0.908608 0.0616871 0.936424 66521 17.375 1112 1112 10227 9390 10 7.12737 0.712737 0.287263 0.287263 10227 3383 1371 0.557375 0.37367 0.356368 1 0.486218 0.283111 0.026888 0.990365 2343.7 2372.1 2424 1.03426 1.02188 80.3 51.9 22070 9946 9494 61
pwtk 0.361986 3.6 0.100552 0.139533 2.59427 0.72063 139533 166 41256 39886 65764 2118 17443 18697 0.181186 1.18146 65265.5 0.181223 1.04484 130504 65238.5 0.00223479 0.0453641 0.0149474 0.0164449 1072.84 66338.3 33556 31438 0.954636 0.955133 0.983555 0.936904 28997 0.954636 0.983555 0.437577 0.844771 0.297567 0.278792 0.860604 0.0278782 0.0278782 52.8843 22.2882 0.0448669 0.955133 0.907542 0.047591 0.950173 45285 17.375 1112 1112 33556 35219 10 7.36291 0.736291 0.263709 0.263119 33556 10683 13629 0.787684 0.474502 0.36844 1 0.495201 0.300431 0.0664411 0.991334 6759.2 6811.25 6945 1.02749 1.01964 185.8 133.75 105650 31438 28997 240
rma10 0.102458 2.3 0.044547 0.028985 3.53486 1.5369 28985 166 8172 7956 9578 411 5556 4479 0.128488 1.12977 9370.88 0.128749 1.07738 18703.8 9332.88 0.0224618 0.0324414 0.0257927 0.0257888 240.684 9611.56 6962 6551 0.967559 0.949127 0.974211 0.941065 5562 0.967559 0.974211 0.442749 0.848374 0.373617 0.351598 0.824201 0.302865 0.30285 49.7297 19.6568 0.050873 0.949127 0.872325 0.076802 0.919081 23184 9.32812 597 597 6962 5407 10 7.25953 0.725953 0.274047 0.267891 6962 2035 1071 0.417582 0.463823 0.366054 1 0.431716 0.263137 0.0530953 0.996453 1366 1372.1 1383 1.01245 1.00794 17 10.9 17534 6551 5562 16
shipsec1 0.208423 2.1 0.099249 0.078712 2.64792 1.26091 78712 166 14159 13512 36570 3056 10469 13638 0.293053 1.29403 32697.5 0.293237 1.04874 65354 32656.5 0.177584 0.0735065 0.0162479 0.130227 4252.77 36950.3 12276 9220 0.822416 0.899368 0.869773 0.751085 8314 0.822416 0.869773 0.301838 0.661088 0.184098 0.138273 0.930863 0.232045 0.232045 25.3288 9.93724 0.100632 0.899368 0.693655 0.205714 0.771269 30470 9.14062 585 585 12276 9631 10 7.58805 0.758805 0.241195 0.198362 12276 3332 4041 0.557153 0.55836 0.400819 1 0.42658 0.263165 0.157668 0.989688 2303.8 2308.85 2363 1.0257 1.02345 59.2 54.15 50082 9220 8314 102
soc-sign-epinions 0.176878 1.2 0.147398 0.095459 1.85292 1.5441 95459 166 9182 9309 46212 3035 9274 19062 1.28317 2.28733 33753.1 1.28374 3.50451 67476.2 33723.1 0.900923 0.321833 0.834838 0.720587 24300.5 58053.6 3497 462 0.0990768 0.524235 0.279413 0.132192 1447 0.0990768 0.279413 0.191925 0.157763 0.00832118 0.00109999 0.99945 0.856811 0.870528 6.38235 2.10188 0.475765 0.524235 0.224695 0.299541 0.428615 12378 3.51562 225 225 3497 166 10 9.57466 0.957466 0.0425339 0.00421412 3497 720 66 0.343997 0.645201 0.497893 3 0.284414 0.637301 0.836075 0.796015 1323.3 1797.55 3288 2.4847 1.82916 1964.7 1490.45 55521 462 1447 23
webbase-1M 0.867231 0.7 1.2389 1.0882 0.796939 1.13848 1088202 166 67503 65872 852903 18397 46070 41283 4.66576 5.66669 452820 4.66594 1.47282 905605 452785 0.968395 1 0.157606 0.896798 406057 858877 20441 2044 0 0.4653 0.103202 0.1 8194 0 0.103202 0.122105 0.124421 0.0022247 0.00022247 0.999889 0.345481 0.659218 3.10552 1.87021 0.5347 0.4653 0.239108 0.226193 0.513878 43957 15.6719 1003 1003 20441 0 10 16.3334 1.63334 0 0 20441 4097 0 0.827441 0.754325 0.5 3 0.454055 0.72884 1 0.993044 11417.3 12458.4 12654 1.10832 1.0157 1236.7 195.6 918775 2044 8194 0
xenon2 0.234144 5.6 0.0418114 0.070607 3.31616 0.592171 70607 166 14540 13845 30621 2033 11719 11585 0.23596 1.23673 28527 0.236084 1.03695 57024 28497 0.103109 0.0591835 0.0123169 0.0808523 2304.05 30831 12689 10656 0.896891 0.91134 0.919148 0.839837 9265 0.896891 0.919148 0.335465 0.744155 0.239644 0.201262 0.899369 0.0752165 0.0752165 24.556 11.2791 0.0886596 0.91134 0.733377 0.177964 0.804723 27036 9.04688 579 579 12689 10425 10 7.47347 0.747347 0.252653 0.226602 12689 3582 3925 0.565785 0.542058 0.386699 1 0.43293 0.225538 0.114289 0.993166 2376.4 2383.25 2420 1.01835 1.01542 43.6 36.75 44466 10656 9265 68
gmean_target_speedup: 2.19727
gmean_model_speedup: 2.28408
gmean_speedup_error_ratio: 1.03951
