# SparsePIM DRAF+BGA structural model results
model_variant: v10_draf_memory_efficiency
latency_scope: setup + DRAF access + padding model + BGA + result readback
columns: matrix gpu_ms target_speedup target_pim_ms model_ms model_speedup speedup_error_ratio total_cycle setup_cycle draf_row_fetch_cycle draf_compute_trigger_cycle padding_cycle bga_accumulate_cycle bga_output_readback_cycle final_reduce_cycle draf_padding_ratio draf_memory_expansion critical_padding critical_padding_ratio bg_imbalance total_padding_steps hidden_padding_steps fragmentation memory_pressure imbalance_pressure exposure_factor exposed_hidden_padding effective_padding_steps bga_raw_accumulate_cycle bga_hidden_accumulate_cycle bga_regularity_score bga_reuse_score bga_padding_guard bga_overlap_factor draf_stream_hidden_cycle draf_stream_regularity_score draf_stream_guard_score draf_access_share draf_stream_overlap_factor draf_bga_window_occupancy draf_bga_contention_score draf_stream_budget_factor row_nnz_gini col_nnz_gini mean_nnz_per_col bga_row_reuse_factor bga_unique_row_ratio bga_duplicate_partial_ratio bga_capacity_pressure bga_stream_capacity_flushes bga_critical_flushes bga_reuse_aware_accumulate_cycle draf_memory_saved_cycle draf_coo_bytes_per_nnz draf_bytes_per_nnz draf_vs_coo_memory_ratio draf_memory_saving_factor draf_exposed_memory_saving_factor
ASIC_100k 0.138408 1.4 0.0988629 0.131572 1.05196 0.751397 131572 166 8277 8114 47237 15560 33872 19296 0.923852 1.92703 27170.6 0.924346 3.33888 54312.2 27141.6 0.98638 0.231758 0.779628 0.739318 20066.3 47236.9 17374 1814 0.0136199 0.566167 0.260682 0.104444 1030 0.0136199 0.260682 0.123587 0.127203 0.0327727 0.0034229 0.998289 0.338269 0.338269 9.4687 2.30504 0.433833 0.566167 22.6719 1451 1451 17374 25 10 8.85407 0.885407 0.114593 0.00156075
Stanford 0.350585 1.3 0.269681 0.23584 1.48654 1.14349 235840 166 20267 19806 157432 4229 17104 20252 1.32929 2.33052 96077.5 1.32951 1.66137 192124 96046.5 0.861606 0.332631 0.220457 0.638798 61354.3 157432 5040 811 0.138394 0.74676 0.361202 0.160997 3334 0.138394 0.361202 0.167417 0.168475 0.00457577 0.000736686 0.999632 0.775986 0.534566 8.20317 3.94882 0.25324 0.74676 9.67188 619 619 5040 187 10 9.66105 0.966105 0.0338954 0.00469093
bcsstk32 0.099581 2 0.0497905 0.026571 3.74773 1.87387 26571 166 7391 7228 12256 185 3849 4831 0.189409 1.19077 11939.6 0.18964 1.06383 23850.2 11910.6 0.0167679 0.0476918 0.0212775 0.026496 315.584 12255.2 2450 2265 0.952308 0.9395 0.973504 0.924653 5677 0.952308 0.973504 0.405959 0.830145 0.116249 0.10749 0.946255 0.174199 0.174199 45.1636 16.5288 0.0605003 0.9395 3.60938 231 231 2450 3763 10 7.38153 0.738153 0.261847 0.257456
cant 0.129579 2.2 0.0588995 0.037199 3.4834 1.58336 37199 166 14056 13348 15544 275 4942 6834 0.122305 1.12319 15331.3 0.122424 1.06817 30632.6 15301.3 0.00389105 0.0307977 0.0227231 0.0138463 211.865 15543.1 5682 5407 0.969202 0.957134 0.986154 0.951766 10555 0.969202 0.986154 0.495821 0.868212 0.187145 0.178119 0.910941 0.111077 0.111077 64.1684 23.3283 0.0428664 0.957134 13.4062 858 858 5682 7516 10 7.24638 0.724638 0.275362 0.27429
consph 0.170734 2.3 0.0742322 0.071836 2.37672 1.03336 71836 166 22221 21298 35131 742 8414 11088 0.179377 1.17991 33710.5 0.179476 1.07062 67384 33673.5 0.0438596 0.0449781 0.0235415 0.0421634 1419.79 35130.3 9617 8875 0.955022 0.956621 0.957837 0.922931 16356 0.955022 0.957837 0.438801 0.828089 0.157277 0.145156 0.927422 0.10222 0.10222 72.1252 23.0524 0.0433794 0.956621 24.1562 1546 1546 9617 10985 10 7.35982 0.735982 0.264018 0.252438
crankseg_2 0.222282 3 0.074094 0.070194 3.16668 1.05556 70194 166 45983 44513 16481 414 9562 13207 0.0370013 1.0372 16376.2 0.0370375 1.10754 32720.4 16344.2 0 0.00930093 0.035848 0.00637508 104.196 16480.4 23034 22620 0.990699 0.980553 0.993625 0.98206 33778 0.990699 0.993625 0.693738 0.927816 0.370856 0.364203 0.817899 0.229077 0.229077 221.637 51.4229 0.0194466 0.980553 59.3438 3798 3798 23034 26475 10 7.07441 0.707441 0.292559 0.292559
ct20stif 0.106881 2.1 0.0508957 0.03257 3.28158 1.56266 32570 166 9102 9263 13446 219 6032 6210 0.161271 1.16234 13117.8 0.161431 1.05924 26209.6 13091.8 0.018097 0.0405855 0.019747 0.0250086 327.407 13445.2 3225 3006 0.959415 0.94167 0.974991 0.932288 7149 0.959415 0.974991 0.412298 0.837254 0.13237 0.123407 0.938296 0.180374 0.180374 49.6913 17.1437 0.0583303 0.94167 6.64062 425 425 3225 4824 10 7.32468 0.732468 0.267532 0.26269
lhr71 0.117986 1.8 0.0655478 0.05795 2.036 1.13111 57950 166 7539 7338 38020 850 4036 4608 0.627281 1.62939 29299.3 0.62756 1.1143 58572.6 29273.3 0.41147 0.157348 0.0380986 0.297896 8720.41 38019.7 1724 874 0.58853 0.903595 0.702104 0.507463 3188 0.58853 0.702104 0.237417 0.43673 0.0192689 0.00977827 0.995111 0.596627 0.381493 21.2507 10.3729 0.0964052 0.903595 2.20312 141 141 1724 1524 10 8.25878 0.825878 0.174122 0.102476
ohne2 0.279932 3.2 0.0874787 0.100159 2.79488 0.873399 100159 166 26008 25095 48415 842 14328 17694 0.220822 1.22125 47425.4 0.220906 1.0912 94814.8 47389.4 0.00206239 0.0553128 0.0304006 0.0208713 989.08 48414.5 10417 9575 0.944687 0.932396 0.979129 0.919229 19452 0.944687 0.979129 0.385238 0.824527 0.130254 0.119734 0.940133 0.318983 0.194149 37.8837 14.7921 0.0676037 0.932396 22.2969 1427 1427 10417 13042 10 7.4425 0.74425 0.25575 0.255222
pdb1HYS 0.103166 5.4 0.0191048 0.029169 3.53684 0.65497 29169 166 14199 13504 8650 188 4905 5791 0.0631019 1.06368 8587.09 0.0632455 1.07464 17135.2 8548.09 0 0.0159209 0.0248798 0.00726426 62.0956 8649.19 6852 6664 0.984079 0.970295 0.992736 0.972612 10381 0.984079 0.992736 0.583123 0.900476 0.300803 0.292565 0.853717 0.150686 0.150686 119.306 33.6647 0.0297047 0.970295 17.375 1112 1112 6852 7958 10 7.12737 0.712737 0.287263 0.287263
pwtk 0.361986 3.6 0.100552 0.131189 2.75927 0.766464 131189 166 41256 39886 66339 735 17443 18697 0.181186 1.18146 65265.5 0.181223 1.04484 130504 65238.5 0.00223479 0.0453641 0.0149474 0.0164449 1072.84 66338.3 11636 10901 0.954636 0.955133 0.983555 0.936904 32088 0.954636 0.983555 0.439492 0.845154 0.102622 0.0961467 0.951927 0.0278782 0.0278782 52.8843 22.2882 0.0448669 0.955133 17.375 1112 1112 11636 21350 10 7.36291 0.736291 0.263709 0.263119
rma10 0.102458 2.3 0.044547 0.025835 3.96586 1.72429 25835 166 8172 7956 9612 221 5556 4479 0.128488 1.12977 9370.88 0.128749 1.07738 18703.8 9332.88 0.0224618 0.0324414 0.0257927 0.0257888 240.684 9611.56 3736 3515 0.967559 0.949127 0.974211 0.941065 6116 0.967559 0.974211 0.444653 0.848755 0.20008 0.188288 0.905856 0.302865 0.30285 49.7297 19.6568 0.050873 0.949127 9.32812 597 597 3736 4320 10 7.25953 0.725953 0.274047 0.267891
shipsec1 0.208423 2.1 0.099249 0.076097 2.73891 1.30424 76097 166 14159 13512 36951 1274 10469 13638 0.293053 1.29403 32697.5 0.293237 1.04874 65354 32656.5 0.177584 0.0735065 0.0162479 0.130227 4252.77 36950.3 5118 3844 0.822416 0.899368 0.869773 0.751085 8689 0.822416 0.869773 0.306522 0.662025 0.0761746 0.0572136 0.971393 0.232045 0.232045 25.3288 9.93724 0.100632 0.899368 9.14062 585 585 5118 5488 10 7.58805 0.758805 0.241195 0.198362
soc-sign-epinions 0.176878 1.2 0.147398 0.105475 1.67697 1.39747 105475 166 9182 9309 58054 1812 9274 19062 1.28317 2.28733 33753.1 1.28374 3.50451 67476.2 33723.1 0.900923 0.321833 0.834838 0.720587 24300.5 58053.6 2087 275 0.0990768 0.524235 0.279413 0.132192 1412 0.0990768 0.279413 0.172871 0.153953 0.00408236 0.000539655 0.99973 0.856811 0.870528 6.38235 2.10188 0.475765 0.524235 3.51562 225 225 2087 77 10 9.57466 0.957466 0.0425339 0.00421412
webbase-1M 0.867231 0.7 1.2389 1.08148 0.801891 1.14556 1081482 166 67503 65872 858877 9804 46070 41283 4.66576 5.66669 452820 4.66594 1.47282 905605 452785 0.968395 1 0.157606 0.896798 406057 858877 10893 1089 0 0.4653 0.103202 0.1 8198 0 0.103202 0.122398 0.12448 0.00117762 0.000117762 0.999941 0.345481 0.659218 3.10552 1.87021 0.5347 0.4653 15.6719 1003 1003 10893 0 10 16.3334 1.63334 0 0
xenon2 0.234144 5.6 0.0418114 0.067419 3.47297 0.620173 67419 166 14540 13845 30832 909 11719 11585 0.23596 1.23673 28527 0.236084 1.03695 57024 28497 0.103109 0.0591835 0.0123169 0.0808523 2304.05 30831 5675 4766 0.896891 0.91134 0.919148 0.839837 9850 0.896891 0.919148 0.339124 0.744887 0.106677 0.0895911 0.955204 0.0752165 0.0752165 24.556 11.2791 0.0886596 0.91134 9.04688 579 579 5675 6432 10 7.47347 0.747347 0.252653 0.226602
gmean_target_speedup: 2.19727
gmean_model_speedup: 2.42396
gmean_speedup_error_ratio: 1.10317
