# SparsePIM structural residual feature analysis
model_variant: v9_reuse_aware_bga
source_results: spmv_guided_kmeans_draf_bga_v9_structural_results.txt
residual_definition: log(model_speedup) - log(target_speedup)
notes: correlations are diagnostic only; model equations do not fit to targets
columns: matrix residual_log model_speedup target_speedup mean_nnz_per_col row_nnz_gini col_nnz_gini single_nnz_column_ratio low_nnz_column_ratio draf_memory_expansion critical_padding_ratio exposure_factor bga_reduction_ratio bga_row_reuse_factor bga_unique_row_ratio bga_duplicate_partial_ratio bga_capacity_pressure bga_stream_capacity_flushes bga_critical_flushes bga_reuse_aware_accumulate_cycle draf_access_share draf_bga_window_occupancy draf_bga_contention_score
ASIC_100k -0.286011 1.05176 1.4 9.4687 0.338269 0.338269 0.000754983 0.98638 1.92703 0.924346 0.739318 0.566167 2.30504 0.433833 0.566167 22.6719 1451 1451 17374 0.123587 0.0327727 0.0034229
Stanford 0.133293 1.48536 1.3 8.20317 0.775986 0.534566 0.101636 0.861606 2.33052 1.32951 0.638798 0.74676 3.94882 0.25324 0.74676 9.67188 619 619 5040 0.167417 0.00457577 0.000736686
bcsstk32 0.495555 3.28282 2 45.1636 0.174199 0.174199 0 0.0167679 1.19077 0.18964 0.026496 0.9395 16.5288 0.0605003 0.9395 3.60938 231 231 2450 0.405959 0.116249 0.10749
cant 0.275524 2.89789 2.2 64.1684 0.111077 0.111077 0.00389105 0.00389105 1.12319 0.122424 0.0138463 0.957134 23.3283 0.0428664 0.957134 13.4062 858 858 5682 0.495821 0.187145 0.178119
consph -0.109484 2.06148 2.3 72.1252 0.10222 0.10222 0.0438596 0.0438596 1.17991 0.179476 0.0421634 0.956621 23.0524 0.0433794 0.956621 24.1562 1546 1546 9617 0.438801 0.157277 0.145156
crankseg_2 -0.265958 2.29941 3 221.637 0.229077 0.229077 0 0 1.0372 0.0370375 0.00637508 0.980553 51.4229 0.0194466 0.980553 59.3438 3798 3798 23034 0.693738 0.370856 0.364203
ct20stif 0.308268 2.85824 2.1 49.6913 0.180374 0.180374 0 0.018097 1.16234 0.161431 0.0250086 0.94167 17.1437 0.0583303 0.94167 6.64062 425 425 3225 0.412298 0.13237 0.123407
lhr71 0.0972401 1.98382 1.8 21.2507 0.596627 0.381493 0.135981 0.41147 1.62939 0.62756 0.297896 0.903595 10.3729 0.0964052 0.903595 2.20312 141 141 1724 0.237417 0.0192689 0.00977827
ohne2 -0.257769 2.47288 3.2 37.8837 0.318983 0.194149 0 0.00206239 1.22125 0.220906 0.0208713 0.932396 14.7921 0.0676037 0.932396 22.2969 1427 1427 10417 0.385238 0.130254 0.119734
pdb1HYS -0.664404 2.77873 5.4 119.306 0.150686 0.150686 0 0 1.06368 0.0632455 0.00726426 0.970295 33.6647 0.0297047 0.970295 17.375 1112 1112 6852 0.583123 0.300803 0.292565
pwtk -0.416749 2.37307 3.6 52.8843 0.0278782 0.0278782 0 0.00223479 1.18146 0.181223 0.0164449 0.955133 22.2882 0.0448669 0.955133 17.375 1112 1112 11636 0.439492 0.102622 0.0961467
rma10 0.390193 3.39771 2.3 49.7297 0.302865 0.30285 0 0.0224618 1.12977 0.128749 0.0257888 0.949127 19.6568 0.050873 0.949127 9.32812 597 597 3736 0.444653 0.20008 0.188288
shipsec1 0.195987 2.55467 2.1 25.3288 0.232045 0.232045 0 0.177584 1.29403 0.293237 0.130227 0.899368 9.93724 0.100632 0.899368 9.14062 585 585 5118 0.306522 0.0761746 0.0572136
soc-sign-epinions 0.333935 1.67574 1.2 6.38235 0.856811 0.870528 0.468233 0.900923 2.28733 1.28374 0.720587 0.524235 2.10188 0.475765 0.524235 3.51562 225 225 2087 0.172871 0.00408236 0.000539655
webbase-1M 0.135893 0.801891 0.7 3.10552 0.345481 0.659218 0.919394 0.968395 5.66669 4.66594 0.896798 0.4653 1.87021 0.5347 0.4653 15.6719 1003 1003 10893 0.122398 0.00117762 0.000117762
xenon2 -0.56888 3.17049 5.6 24.556 0.0752165 0.0752165 0.000342936 0.103109 1.23673 0.236084 0.0808523 0.91134 11.2791 0.0886596 0.91134 9.04688 579 579 5675 0.339124 0.106677 0.0895911

# Pearson correlation with residual_log
columns: feature pearson_r
mean_nnz_per_col -0.336337
row_nnz_gini 0.370939
col_nnz_gini 0.413193
single_nnz_column_ratio 0.243942
low_nnz_column_ratio 0.16535
draf_memory_expansion 0.181588
critical_padding_ratio 0.181337
exposure_factor 0.175369
bga_reduction_ratio -0.175599
bga_row_reuse_factor -0.333885
bga_unique_row_ratio 0.175599
bga_duplicate_partial_ratio -0.175599
bga_capacity_pressure -0.458272
bga_stream_capacity_flushes -0.458272
bga_critical_flushes -0.458272
bga_reuse_aware_accumulate_cycle -0.525466
draf_access_share -0.269557
draf_bga_window_occupancy -0.33312
draf_bga_contention_score -0.315146
