# SparsePIM DRAF+BGA phase diagnostics
model_variant: v10_draf_memory_efficiency
source_results: spmv_guided_kmeans_draf_bga_v10_structural_results.txt
notes: alternative totals are diagnostic only, not adopted models
columns: matrix target_speedup model_speedup model_over_target target_pim_ms model_ms excess_ms setup_pct fetch_pct compute_pct padding_pct bga_pct readback_pct final_pct mode_cycle compute_bga_overlap_ms compute_bga_overlap_speedup compute_bga_overlap_over_target aggressive_overlap_ms aggressive_overlap_speedup aggressive_overlap_over_target wide_final_ms wide_final_speedup wide_final_over_target compute_bga_overlap_wide_final_ms compute_bga_overlap_wide_final_speedup compute_bga_overlap_wide_final_over_target
ASIC_100k 1.4 1.05196 0.751397 0.0988629 0.131572 0.0327091 0.126167 6.29085 6.16697 35.902 11.8262 25.7441 14.6657 80 0.116012 1.19305 0.852178 0.107735 1.28471 0.917648 0.1171 1.18196 0.84426 0.10154 1.36309 0.973635
Stanford 1.3 1.48654 1.14349 0.269681 0.23584 -0.0338408 0.0703867 8.59354 8.39807 66.7537 1.79316 7.25237 8.58718 0 0.231693 1.51314 1.16396 0.211426 1.65819 1.27553 0.220651 1.58887 1.22221 0.216504 1.6193 1.24562
bcsstk32 2 3.74773 1.87387 0.0497905 0.026571 -0.0232195 0.624741 27.816 27.2026 46.1255 0.696248 14.4857 18.1815 0 0.030044 3.31451 1.65725 0.022653 4.39593 2.19796 0.022948 4.33942 2.16971 0.026421 3.76901 1.8845
cant 2.2 3.4834 1.58336 0.0588995 0.037199 -0.0217005 0.446249 37.786 35.8827 41.7861 0.739267 13.2853 18.3715 0 0.044335 2.92272 1.32851 0.030279 4.2795 1.94523 0.032074 4.04 1.83636 0.03921 3.30474 1.50216
consph 2.3 2.37672 1.03336 0.0742322 0.071836 -0.00239617 0.231082 30.933 29.6481 48.9044 1.03291 11.7128 15.4352 0 0.081962 2.08309 0.90569 0.059741 2.8579 1.24257 0.06352 2.68788 1.16864 0.073646 2.31831 1.00796
crankseg_2 3 3.16668 1.05556 0.074094 0.070194 -0.0039 0.236487 65.5084 63.4143 23.4792 0.589794 13.6222 18.815 0 0.096134 2.31221 0.770737 0.050151 4.43225 1.47742 0.060289 3.68694 1.22898 0.086229 2.57781 0.85927
ct20stif 2.1 3.28158 1.56266 0.0508957 0.03257 -0.0183257 0.509671 27.946 28.4403 41.2834 0.672398 18.5201 19.0666 0 0.03707 2.88322 1.37296 0.027968 3.82155 1.81978 0.027913 3.82908 1.82337 0.032413 3.29747 1.57023
lhr71 1.8 2.036 1.13111 0.0655478 0.05795 -0.00759778 0.286454 13.0095 12.6626 65.6083 1.46678 6.96462 7.95168 0 0.058519 2.0162 1.12011 0.05098 2.31436 1.28575 0.054494 2.16512 1.20284 0.055063 2.14275 1.19041
ohne2 3.2 2.79488 0.873399 0.0874787 0.100159 0.0126803 0.165736 25.9667 25.0552 48.3381 0.840663 14.3053 17.6659 0 0.112254 2.49374 0.779293 0.086246 3.24574 1.01429 0.086889 3.22172 1.00679 0.098984 2.82805 0.883767
pdb1HYS 5.4 3.53684 0.65497 0.0191048 0.029169 0.0100642 0.569097 48.6784 46.2957 29.6548 0.64452 16.8158 19.8533 0 0.036834 2.80084 0.518673 0.022635 4.55781 0.844039 0.024826 4.15556 0.769549 0.032491 3.17522 0.588003
pwtk 3.6 2.75927 0.766464 0.100552 0.131189 0.0306373 0.126535 31.4478 30.4035 50.5675 0.56026 13.2961 14.252 0 0.151699 2.38621 0.662837 0.110443 3.27758 0.910439 0.117167 3.08949 0.858191 0.137677 2.62924 0.730345
rma10 2.3 3.96586 1.72429 0.044547 0.025835 -0.018712 0.642539 31.6315 30.7954 37.2053 0.855429 21.5057 17.3369 0 0.029825 3.43531 1.49361 0.021653 4.73182 2.05731 0.022476 4.55855 1.98198 0.026466 3.87131 1.68318
shipsec1 2.1 2.73891 1.30424 0.099249 0.076097 -0.023152 0.218143 18.6065 17.7563 48.5578 1.67418 13.7574 17.9219 0 0.080206 2.5986 1.23743 0.066047 3.15568 1.5027 0.065869 3.1642 1.50676 0.069978 2.97841 1.41829
soc-sign-epinions 1.2 1.67697 1.39747 0.147398 0.105475 -0.0419233 0.157383 8.70538 8.82579 55.0405 1.71794 8.7926 18.0725 28 0.103663 1.70628 1.4219 0.094481 1.8721 1.56008 0.091179 1.9399 1.61658 0.089367 1.97923 1.64936
webbase-1M 0.7 0.801891 1.14556 1.2389 1.08148 -0.157419 0.0153493 6.24171 6.0909 79.4167 0.906534 4.2599 3.81726 105 1.07168 0.809227 1.15604 1.00418 0.863625 1.23375 1.05052 0.825525 1.17932 1.04072 0.833302 1.19043
xenon2 5.6 3.47297 0.620173 0.0418114 0.067419 0.0256076 0.246221 21.5666 20.5358 45.7319 1.34828 17.3823 17.1836 0 0.072837 3.21463 0.574041 0.058297 4.0164 0.717214 0.058731 3.98672 0.711914 0.064149 3.65 0.651786
