# SparsePIM DRAF+BGA phase diagnostics
model_variant: v15_soft_bounded_reuse_protected_bga
source_results: Guided_kmeans_result/spmv_guided_kmeans_draf_bga_v15_structural_results.txt
notes: alternative totals are diagnostic only, not adopted models
columns: matrix target_speedup model_speedup model_over_target target_pim_ms model_ms excess_ms setup_pct fetch_pct compute_pct padding_pct bga_pct readback_pct final_pct mode_cycle compute_bga_overlap_ms compute_bga_overlap_speedup compute_bga_overlap_over_target aggressive_overlap_ms aggressive_overlap_speedup aggressive_overlap_over_target wide_final_ms wide_final_speedup wide_final_over_target compute_bga_overlap_wide_final_ms compute_bga_overlap_wide_final_speedup compute_bga_overlap_wide_final_over_target phase_class_code bga_bound_score draf_access_bound_score padding_sync_bound_score percentile_tail_exposure_factor shared_overlap_window_cycle shared_bga_overlap_cycle shared_draf_overlap_cycle draf_step_tail_saved_cycle group_steps_p90 group_steps_p95 group_steps_max tail_skew_max_over_p90 tail_skew_max_over_p95 p90_to_max_tail_steps p95_to_max_tail_steps bga_near_duplicate_partial_ratio bga_far_duplicate_partial_ratio bga_near_duplicate_share accumulator_flush_estimate
ASIC_100k 1.4 1.09374 0.78124 0.0988629 0.126546 0.0276831 0.131178 6.5407 6.4119 28.2364 19.6253 26.7666 15.2482 0 0.104289 1.32716 0.94797 0.096012 1.44157 1.02969 0.112074 1.23497 0.882121 0.089817 1.541 1.10071 3 0.637128 0.575506 0.774543 0.712944 41792 2896 1168 18 971.8 1068.55 2951 3.03663 2.76169 1979.2 1882.45 0.481001 0.0851661 0.849574 8190
Stanford 1.3 1.50737 1.15952 0.269681 0.23258 -0.0371008 0.0713733 8.71399 8.51578 66.6025 3.59059 7.35403 8.70754 0 0.229015 1.53084 1.17757 0.208748 1.67947 1.2919 0.217391 1.61269 1.24053 0.213826 1.63958 1.26122 3 0.371287 0.615319 0.753365 0.920993 164800 1602 3484 61 3244 3602.75 4370 1.3471 1.21296 1126 767.25 0.468619 0.27814 0.627537 27016
bcsstk32 2 3.03628 1.51814 0.0497905 0.032797 -0.0169935 0.506144 22.5356 22.0386 35.6435 9.79968 11.7358 14.73 0 0.03268 3.04715 1.52358 0.025289 3.93772 1.96886 0.029174 3.41335 1.70667 0.029057 3.42709 1.71355 1 0.334743 0.276118 0.074172 0.990928 19372 2435 2475 22 1206.7 1219.9 1245 1.03174 1.02058 38.3 25.1 0.882928 0.0565722 0.939785 9899
cant 2.2 2.76435 1.25652 0.0588995 0.046875 -0.0120245 0.354133 29.9861 28.4757 30.4704 12.0341 10.5429 14.5792 0 0.048582 2.66722 1.21237 0.034526 3.75308 1.70595 0.04175 3.10369 1.41077 0.043457 2.98178 1.35535 1 0.472884 0.3144 0.0471585 0.992107 28769 5725 5047 33 2293.8 2304.85 2346 1.02276 1.01785 52.2 41.15 0.837773 0.119361 0.875294 51097
consph 2.3 2.08607 0.906985 0.0742322 0.081845 0.00761283 0.202822 27.1501 26.0224 38.5717 9.11357 10.2804 13.5476 0 0.085168 2.00467 0.871597 0.062947 2.71235 1.17928 0.073529 2.322 1.00956 0.076852 2.22159 0.965911 1 0.490231 0.349474 0.077361 0.994518 56236 10181 9588 49 3617.4 3660.85 3706 1.02449 1.01233 88.6 45.15 0.846119 0.110501 0.884488 88976
crankseg_2 3 2.70304 0.901014 0.074094 0.082234 0.00814 0.201863 55.9173 54.1297 16.9711 13.2767 11.6278 16.0603 0 0.107127 2.07494 0.691646 0.061144 3.63539 1.2118 0.072329 3.07321 1.0244 0.097222 2.28633 0.762111 1 0.503065 0.269377 0.0206277 0.98576 60759 19215 20260 165 7612.4 7683.9 7935 1.04238 1.03268 322.6 251.1 0.813978 0.166575 0.830121 221021
ct20stif 2.1 2.65919 1.26628 0.0508957 0.040193 -0.0107027 0.413007 22.6457 23.0463 31.6796 10.2082 15.0076 15.4505 0 0.040314 2.65121 1.26248 0.031212 3.42436 1.63065 0.035536 3.00768 1.43223 0.035657 2.99748 1.42737 1 0.387079 0.279369 0.0637058 0.993763 22625 3355 3192 18 1517.7 1540.35 1562 1.02919 1.01406 44.3 21.65 0.868508 0.0731617 0.922306 18697
lhr71 1.8 2.05794 1.1433 0.0655478 0.057332 -0.00821578 0.289542 13.1497 12.7991 64.6934 4.19486 7.0397 8.0374 0 0.057583 2.04897 1.13832 0.050044 2.35765 1.3098 0.053876 2.18995 1.21664 0.054127 2.1798 1.211 2 0.259042 0.442512 0.348448 0.974728 44397 2477 3194 114 1239.7 1248.7 1323 1.06719 1.0595 83.3 74.3 0.840064 0.0635312 0.929691 5933
ohne2 3.2 2.79036 0.871988 0.0874787 0.100321 0.0128422 0.165469 25.9248 25.0147 41.4679 6.52206 14.2822 17.6374 0 0.11066 2.52966 0.790518 0.084652 3.30686 1.03339 0.087051 3.21572 1.00491 0.09739 2.87434 0.898231 1 0.532259 0.262119 0.0833131 0.985138 72790 17761 14232 220 4291.4 4321.4 4469 1.04139 1.03416 177.6 147.6 0.670983 0.261413 0.719633 80822
pdb1HYS 5.4 2.69645 0.499342 0.0191048 0.03826 0.0191552 0.433873 37.1119 35.2953 20.7005 13.2488 12.8202 15.1359 0 0.041547 2.48312 0.459836 0.027348 3.77234 0.698582 0.033917 3.04172 0.563281 0.037204 2.77298 0.513515 1 0.486218 0.283111 0.026888 0.990365 22070 5158 4938 32 2343.7 2372.1 2424 1.03426 1.02188 80.3 51.9 0.908608 0.0616871 0.936424 66521
pwtk 3.6 2.41984 0.672177 0.100552 0.149591 0.0490393 0.110969 27.5792 26.6634 38.404 9.34013 11.6605 12.4987 0 0.156783 2.30883 0.641343 0.115527 3.13335 0.870374 0.135569 2.67012 0.741701 0.142761 2.53561 0.704336 1 0.495201 0.300431 0.0664411 0.991334 105650 19584 18114 150 6759.2 6811.25 6945 1.02749 1.01964 185.8 133.75 0.907542 0.047591 0.950173 45285
rma10 2.3 3.0985 1.34717 0.044547 0.033067 -0.01148 0.502011 24.7135 24.0602 27.9493 12.0392 16.8022 13.5452 0 0.033009 3.10394 1.34954 0.024837 4.12522 1.79357 0.029708 3.44884 1.49949 0.02965 3.45558 1.50243 1 0.431716 0.263137 0.0530953 0.996453 17534 2981 2562 8 1366 1372.1 1383 1.01245 1.00794 17 10.9 0.872325 0.076802 0.919081 23184
shipsec1 2.1 2.86173 1.36273 0.099249 0.072831 -0.026418 0.227925 19.4409 18.5525 45.6275 4.19602 14.3744 18.7255 0 0.07671 2.71703 1.29382 0.062551 3.33205 1.58669 0.062603 3.32928 1.58537 0.066482 3.13503 1.49287 1 0.42658 0.263165 0.157668 0.989688 50082 9220 8465 102 2303.8 2308.85 2363 1.0257 1.02345 59.2 54.15 0.693655 0.205714 0.771269 30470
soc-sign-epinions 1.2 1.82859 1.52383 0.147398 0.096729 -0.0506693 0.171613 9.4925 9.62379 51.7425 3.13763 9.58761 19.7066 0 0.09545 1.8531 1.54425 0.086268 2.05033 1.70861 0.082433 2.14572 1.7881 0.081154 2.17954 1.81628 3 0.284414 0.637301 0.836075 0.796015 55521 462 1593 47 1323.3 1797.55 3288 2.4847 1.82916 1964.7 1490.45 0.224695 0.299541 0.428615 12378
webbase-1M 0.7 0.766039 1.09434 1.2389 1.1321 -0.106804 0.0146631 5.96265 5.81858 80.9944 1.62504 4.06944 3.6466 0 1.1295 0.767802 1.09686 1.062 0.816606 1.16658 1.10113 0.787579 1.12511 1.09854 0.789442 1.12777 3 0.454055 0.72884 1 0.993044 918775 2044 8331 0 11417.3 12458.4 12654 1.10832 1.0157 1236.7 195.6 0.239108 0.226193 0.513878 43957
xenon2 5.6 3.5342 0.631106 0.0418114 0.066251 0.0244396 0.250562 21.9468 20.8978 41.4198 5.00823 17.6888 17.4865 0 0.071015 3.29711 0.588769 0.056475 4.14598 0.740353 0.057563 4.06761 0.726359 0.062327 3.7567 0.67084 1 0.43293 0.225538 0.114289 0.993166 44466 9371 8281 60 2376.4 2383.25 2420 1.01835 1.01542 43.6 36.75 0.733377 0.177964 0.804723 27036
