# SparsePIM DRAF+BGA phase diagnostics
model_variant: v12_stronger_draf_memory_conservative_overlap
source_results: spmv_guided_kmeans_draf_bga_v12_structural_results.txt
notes: alternative totals are diagnostic only, not adopted models
columns: matrix target_speedup model_speedup model_over_target target_pim_ms model_ms excess_ms setup_pct fetch_pct compute_pct padding_pct bga_pct readback_pct final_pct mode_cycle compute_bga_overlap_ms compute_bga_overlap_speedup compute_bga_overlap_over_target aggressive_overlap_ms aggressive_overlap_speedup aggressive_overlap_over_target wide_final_ms wide_final_speedup wide_final_over_target compute_bga_overlap_wide_final_ms compute_bga_overlap_wide_final_speedup compute_bga_overlap_wide_final_over_target
ASIC_100k 1.4 0.988346 0.705962 0.0988629 0.14004 0.0411771 0.118538 5.91045 5.79406 33.7311 16.8016 24.1874 13.7789 566 0.116511 1.18794 0.848528 0.108234 1.27878 0.913418 0.125568 1.10226 0.787325 0.102039 1.35642 0.968873
Stanford 1.3 1.44729 1.1133 0.269681 0.242235 -0.0274458 0.0685285 8.36667 8.17636 64.9914 3.87227 7.06091 8.36048 1147 0.232855 1.50559 1.15815 0.212588 1.64913 1.26856 0.227046 1.54411 1.18778 0.217666 1.61066 1.23897
bcsstk32 2 3.34557 1.67279 0.0497905 0.029765 -0.0200255 0.557702 24.8312 24.2836 41.1759 2.39207 12.9313 16.2305 0 0.030971 3.2153 1.60765 0.02358 4.22311 2.11156 0.026142 3.80923 1.90462 0.027348 3.64125 1.82063
cant 2.2 3.0078 1.36718 0.0588995 0.043081 -0.0158185 0.385321 32.6269 30.9835 36.0809 2.10998 11.4714 15.8631 0 0.046735 2.77263 1.26029 0.032679 3.96521 1.80237 0.037956 3.41393 1.55178 0.04161 3.11413 1.41551
consph 2.3 2.17205 0.94437 0.0742322 0.078605 0.00437283 0.211182 28.2692 27.095 44.6931 2.76954 10.7042 14.106 0 0.084463 2.02141 0.878872 0.062242 2.74307 1.19264 0.070289 2.42903 1.0561 0.076147 2.24216 0.974854
crankseg_2 3 2.22933 0.74311 0.074094 0.099708 0.025614 0.166486 46.1177 44.6434 16.5293 7.40663 9.59 13.2457 0 0.109052 2.03831 0.679437 0.063069 3.52443 1.17481 0.089803 2.47522 0.825073 0.099147 2.24194 0.747315
ct20stif 2.1 2.92352 1.39215 0.0508957 0.036559 -0.0143367 0.454061 24.8967 25.3371 36.7789 2.22654 16.4994 16.9862 0 0.038359 2.78633 1.32683 0.029257 3.65318 1.73961 0.031902 3.35029 1.59538 0.033702 3.17135 1.51017
lhr71 1.8 1.94005 1.0778 0.0655478 0.060816 -0.00473178 0.272954 12.3964 12.0659 62.5164 5.72711 6.63641 7.57695 0 0.058582 2.01403 1.11891 0.051043 2.3115 1.28417 0.05736 2.05694 1.14274 0.055126 2.1403 1.18905
ohne2 3.2 2.62605 0.820642 0.0874787 0.106598 0.0191193 0.155725 24.3982 23.5417 45.4183 2.49723 13.4412 16.5988 0 0.114956 2.43512 0.760976 0.088948 3.14714 0.983482 0.093328 2.99944 0.937326 0.101686 2.75291 0.860283
pdb1HYS 5.4 2.85699 0.529073 0.0191048 0.03611 0.0170052 0.459706 39.3215 37.3968 23.9546 1.55912 13.5835 16.0371 0 0.040391 2.55418 0.472997 0.026192 3.93884 0.729414 0.031767 3.24758 0.601404 0.036048 2.86191 0.529983
pwtk 3.6 2.54102 0.705839 0.100552 0.142457 0.0419053 0.116526 28.9603 27.9986 46.5677 2.34948 12.2444 13.1247 0 0.157504 2.29827 0.638407 0.116248 3.11391 0.864975 0.128435 2.81844 0.782899 0.143482 2.52287 0.700796
rma10 2.3 3.46716 1.50746 0.044547 0.029551 -0.014996 0.561741 27.6539 26.9229 32.5268 2.24696 18.8014 15.1568 0 0.031111 3.2933 1.43187 0.022939 4.46654 1.94197 0.026192 3.91181 1.70078 0.027752 3.69191 1.60518
shipsec1 2.1 2.59591 1.23615 0.099249 0.080289 -0.01896 0.206753 17.635 16.8292 46.0225 5.11278 13.0391 16.9861 0 0.080798 2.57956 1.22836 0.066639 3.12764 1.48935 0.070061 2.97488 1.41661 0.07057 2.95342 1.40639
soc-sign-epinions 1.2 1.64051 1.36709 0.147398 0.107819 -0.0395793 0.153962 8.51612 8.63391 53.8439 3.27215 8.60145 17.6796 651 0.104291 1.696 1.41334 0.095109 1.85974 1.54978 0.093523 1.89128 1.57607 0.089995 1.96542 1.63785
webbase-1M 0.7 0.792661 1.13237 1.2389 1.09407 -0.144826 0.0151726 6.16987 6.02079 78.5026 1.67191 4.21086 3.77332 4198 1.07578 0.806139 1.15163 1.00828 0.860109 1.22873 1.06311 0.815747 1.16535 1.04482 0.830028 1.18575
xenon2 5.6 3.26142 0.582397 0.0418114 0.071792 0.0299806 0.231224 20.253 19.2849 42.9463 3.91687 16.3235 16.1369 0 0.073822 3.17174 0.566382 0.059282 3.94966 0.705297 0.063104 3.71045 0.66258 0.065134 3.5948 0.641929
