# SparsePIM structural residual feature analysis
model_variant: v11_conservative_overlap_reuse
source_results: spmv_guided_kmeans_draf_bga_v11_structural_results.txt
residual_definition: log(model_speedup) - log(target_speedup)
notes: correlations are diagnostic only; model equations do not fit to targets
columns: matrix residual_log model_speedup target_speedup mean_nnz_per_col row_nnz_gini col_nnz_gini single_nnz_column_ratio low_nnz_column_ratio draf_memory_expansion critical_padding_ratio exposure_factor bga_reduction_ratio bga_row_reuse_factor bga_unique_row_ratio bga_duplicate_partial_ratio bga_capacity_pressure bga_stream_capacity_flushes bga_critical_flushes bga_reuse_aware_accumulate_cycle draf_access_share draf_bga_window_occupancy draf_bga_contention_score draf_vs_coo_memory_ratio draf_exposed_memory_saving_factor
ASIC_100k -0.286801 1.05093 1.4 9.4687 0.338269 0.338269 0.000754983 0.98638 1.92703 0.924346 0.739318 0.566167 2.30504 0.433833 0.566167 22.6719 1451 1451 17515 0.12347 0.0330437 0.0034512 0.885407 0.00156075
Stanford 0.125447 1.47375 1.3 8.20317 0.775986 0.534566 0.101636 0.861606 2.33052 1.32951 0.638798 0.74676 3.94882 0.25324 0.74676 9.67188 619 619 7453 0.166012 0.00676491 0.00108913 0.966105 0.00469093
bcsstk32 0.550857 3.46948 2 45.1636 0.174199 0.174199 0 0.0167679 1.19077 0.18964 0.026496 0.9395 16.5288 0.0605003 0.9395 3.60938 231 231 6292 0.402716 0.298553 0.276058 0.738153 0.257456
cant 0.3541 3.13477 2.2 64.1684 0.111077 0.111077 0.00389105 0.00389105 1.12319 0.122424 0.0138463 0.957134 23.3283 0.0428664 0.957134 13.4062 858 858 12559 0.492869 0.413713 0.393758 0.724638 0.27429
consph -0.0443698 2.20018 2.3 72.1252 0.10222 0.10222 0.0438596 0.0438596 1.17991 0.179476 0.0421634 0.956621 23.0524 0.0433794 0.956621 24.1562 1546 1546 18826 0.435687 0.307909 0.284179 0.735982 0.252438
crankseg_2 -0.145507 2.59375 3 221.637 0.229077 0.229077 0 0 1.0372 0.0370375 0.00637508 0.980553 51.4229 0.0194466 0.980553 59.3438 3798 3798 45586 0.691596 0.733974 0.720806 0.707441 0.292559
ct20stif 0.366179 3.02865 2.1 49.6913 0.180374 0.180374 0 0.018097 1.16234 0.161431 0.0250086 0.94167 17.1437 0.0583303 0.94167 6.64062 425 425 8011 0.409321 0.328856 0.306589 0.732468 0.26269
lhr71 0.0920914 1.97364 1.8 21.2507 0.596627 0.381493 0.135981 0.41147 1.62939 0.62756 0.297896 0.903595 10.3729 0.0964052 0.903595 2.20312 141 141 4714 0.231967 0.052736 0.0267616 0.825878 0.102476
ohne2 -0.202264 2.61401 3.2 37.8837 0.318983 0.194149 0 0.00206239 1.22125 0.220906 0.0208713 0.932396 14.7921 0.0676037 0.932396 22.2969 1427 1427 21970 0.382548 0.274725 0.252535 0.74425 0.255222
pdb1HYS -0.564794 3.06978 5.4 119.306 0.150686 0.150686 0 0 1.06368 0.0632455 0.00726426 0.970295 33.6647 0.0297047 0.970295 17.375 1112 1112 13684 0.580837 0.600749 0.584296 0.712737 0.287263
pwtk -0.356235 2.52111 3.6 52.8843 0.0278782 0.0278782 0 0.00223479 1.18146 0.181223 0.0164449 0.955133 22.2882 0.0448669 0.955133 17.375 1112 1112 35359 0.435957 0.311857 0.29218 0.736291 0.263119
rma10 0.458357 3.63739 2.3 49.7297 0.302865 0.30285 0 0.0224618 1.12977 0.128749 0.0257888 0.949127 19.6568 0.050873 0.949127 9.32812 597 597 7504 0.441948 0.401924 0.378236 0.725953 0.267891
shipsec1 0.221511 2.62072 2.1 25.3288 0.232045 0.232045 0 0.177584 1.29403 0.293237 0.130227 0.899368 9.93724 0.100632 0.899368 9.14062 585 585 10993 0.301634 0.163605 0.122881 0.758805 0.198362
soc-sign-epinions 0.329483 1.6683 1.2 6.38235 0.856811 0.870528 0.468233 0.900923 2.28733 1.28374 0.720587 0.524235 2.10188 0.475765 0.524235 3.51562 225 225 2710 0.172003 0.00531449 0.000702532 0.957466 0.00421412
webbase-1M 0.133682 0.80012 0.7 3.10552 0.345481 0.659218 0.919394 0.968395 5.66669 4.66594 0.896798 0.4653 1.87021 0.5347 0.4653 15.6719 1003 1003 13549 0.12213 0.00146418 0.000146418 1.63334 0
xenon2 -0.529567 3.29762 5.6 24.556 0.0752165 0.0752165 0.000342936 0.103109 1.23673 0.236084 0.0808523 0.91134 11.2791 0.0886596 0.91134 9.04688 579 579 11704 0.335255 0.220001 0.184765 0.747347 0.226602

# Pearson correlation with residual_log
columns: feature pearson_r
mean_nnz_per_col -0.247575
row_nnz_gini 0.303175
col_nnz_gini 0.347071
single_nnz_column_ratio 0.191867
low_nnz_column_ratio 0.0747152
draf_memory_expansion 0.120057
critical_padding_ratio 0.119849
exposure_factor 0.0871973
bga_reduction_ratio -0.0949668
bga_row_reuse_factor -0.236424
bga_unique_row_ratio 0.0949668
bga_duplicate_partial_ratio -0.0949668
bga_capacity_pressure -0.406258
bga_stream_capacity_flushes -0.406258
bga_critical_flushes -0.406258
bga_reuse_aware_accumulate_cycle -0.504619
draf_access_share -0.165546
draf_bga_window_occupancy -0.197739
draf_bga_contention_score -0.190439
draf_vs_coo_memory_ratio 0.120057
draf_exposed_memory_saving_factor -0.0997199
