# SparsePIM DRAF+BGA phase diagnostics
model_variant: v4_critical_path
source_results: spmv_guided_kmeans_draf_bga_v4_structural_results.txt
notes: alternative totals are diagnostic only, not adopted models
columns: matrix target_speedup model_speedup model_over_target target_pim_ms model_ms excess_ms setup_pct fetch_pct compute_pct padding_pct bga_pct readback_pct final_pct mode_cycle compute_bga_overlap_ms compute_bga_overlap_speedup compute_bga_overlap_over_target aggressive_overlap_ms aggressive_overlap_speedup aggressive_overlap_over_target wide_final_ms wide_final_speedup wide_final_over_target compute_bga_overlap_wide_final_ms compute_bga_overlap_wide_final_speedup compute_bga_overlap_wide_final_over_target
ASIC_100k 1.4 1.0483 0.748785 0.0988629 0.132031 0.0331681 0.125728 6.26898 6.14553 20.5793 26.5316 25.6546 14.6147 105 0.097001 1.42687 1.01919 0.088724 1.55998 1.11427 0.117559 1.17735 0.840964 0.082529 1.67708 1.19792
Stanford 1.3 1.85806 1.42928 0.269681 0.188683 -0.0809978 0.0879782 10.7413 10.497 50.9203 7.89949 9.06494 10.7333 105 0.173778 2.01743 1.55187 0.153511 2.28378 1.75675 0.173494 2.02073 1.55441 0.158589 2.21065 1.7005
bcsstk32 2 2.07055 1.03527 0.0497905 0.048094 -0.0016965 0.345157 15.3678 15.0289 24.8264 26.1654 8.00308 10.0449 105 0.03551 2.80431 1.40215 0.028119 3.54141 1.77071 0.044471 2.23923 1.11962 0.031887 3.12293 1.56147
cant 2.2 1.62174 0.737157 0.0588995 0.079901 0.0210015 0.207757 17.5918 16.7057 19.1887 31.4364 6.18515 8.55308 105 0.054783 2.36531 1.07514 0.040727 3.18165 1.4462 0.074776 1.7329 0.78768 0.049658 2.60943 1.1861
consph 2.3 1.26782 0.551228 0.0742322 0.134667 0.0604348 0.123267 16.5007 15.8153 25.0329 27.9593 6.248 8.23364 117 0.097015 1.75987 0.765162 0.074794 2.28272 0.992488 0.126351 1.35127 0.587508 0.088699 1.92487 0.8369
crankseg_2 3 1.00534 0.335114 0.074094 0.221101 0.147007 0.0750788 20.7973 20.1324 7.40702 41.2355 4.32472 5.97329 121 0.160211 1.38743 0.462478 0.114228 1.94595 0.64865 0.211196 1.05249 0.350831 0.150306 1.47886 0.492954
ct20stif 2.1 1.78085 0.848022 0.0508957 0.060017 0.00912129 0.276588 15.1657 15.434 21.8571 26.6941 10.0505 10.3471 105 0.043996 2.42933 1.15683 0.034894 3.06302 1.45858 0.05536 1.93065 0.919359 0.039339 2.71692 1.29377
lhr71 1.8 1.88717 1.04843 0.0655478 0.06252 -0.00302778 0.265515 12.0585 11.737 46.865 15.08 6.45553 7.37044 105 0.053092 2.22229 1.23461 0.045553 2.59008 1.43893 0.059064 1.9976 1.10978 0.049636 2.37702 1.32057
ohne2 3.2 1.60179 0.500559 0.0874787 0.174762 0.0872833 0.0949863 14.882 14.3595 27.1375 25.1428 8.19858 10.1246 105 0.130822 2.13979 0.668685 0.104814 2.67075 0.834609 0.161492 1.73341 0.541691 0.117552 2.38135 0.744171
pdb1HYS 5.4 1.38246 0.256011 0.0191048 0.074625 0.0555202 0.222446 19.0271 18.0958 11.5082 36.6727 6.57286 7.76013 105 0.052533 1.96383 0.363673 0.038334 2.69124 0.498378 0.070282 1.46789 0.271831 0.04819 2.14082 0.396448
pwtk 3.6 1.42775 0.396597 0.100552 0.253536 0.152984 0.0654739 16.2722 15.7319 25.7423 27.8923 6.87989 7.3745 105 0.182819 1.98002 0.550007 0.141563 2.55707 0.710296 0.239514 1.51134 0.419815 0.168797 2.1445 0.595696
rma10 2.3 2.01622 0.876615 0.044547 0.050817 0.00627004 0.326662 16.0812 15.6562 18.4407 29.5334 10.9333 8.81398 109 0.035809 2.86124 1.24402 0.027637 3.70728 1.61186 0.047458 2.15892 0.938661 0.03245 3.15741 1.37279
shipsec1 2.1 1.95277 0.92989 0.099249 0.106732 0.00748295 0.15553 13.2659 12.6597 30.6356 20.5983 9.80868 12.7778 105 0.084747 2.45936 1.17112 0.070588 2.95267 1.40603 0.096504 2.15973 1.02844 0.074519 2.79691 1.33186
soc-sign-epinions 1.2 2.05024 1.70853 0.147398 0.086272 -0.0611263 0.192415 10.6431 10.7903 39.1251 6.28246 10.7497 22.0952 105 0.080852 2.18768 1.82306 0.07167 2.46795 2.05663 0.071976 2.45746 2.04788 0.066556 2.65758 2.21465
webbase-1M 0.7 1.23728 1.76754 1.2389 0.700917 -0.537984 0.0236833 9.63067 9.39797 64.6039 3.86608 6.57282 5.88986 105 0.673819 1.28704 1.83863 0.606316 1.43033 2.04333 0.669955 1.29446 1.84923 0.642857 1.34903 1.92718
xenon2 5.6 2.25366 0.402439 0.0418114 0.103895 0.0620836 0.159777 13.9949 13.326 27.4575 22.5304 11.2797 11.1507 105 0.080487 2.90909 0.519481 0.065947 3.55049 0.634016 0.095207 2.45931 0.439163 0.071799 3.2611 0.58234
