# SparsePIM DRAF+BGA phase diagnostics
model_variant: v6_bga_overlap
source_results: spmv_guided_kmeans_draf_bga_v6_structural_results.txt
notes: alternative totals are diagnostic only, not adopted models
columns: matrix target_speedup model_speedup model_over_target target_pim_ms model_ms excess_ms setup_pct fetch_pct compute_pct padding_pct bga_pct readback_pct final_pct mode_cycle compute_bga_overlap_ms compute_bga_overlap_speedup compute_bga_overlap_over_target aggressive_overlap_ms aggressive_overlap_speedup aggressive_overlap_over_target wide_final_ms wide_final_speedup wide_final_over_target compute_bga_overlap_wide_final_ms compute_bga_overlap_wide_final_speedup compute_bga_overlap_wide_final_over_target
ASIC_100k 1.4 0.932423 0.666017 0.0988629 0.148439 0.0495761 0.11183 5.57603 5.46622 31.8225 21.1346 22.8188 12.9993 105 0.117067 1.1823 0.844498 0.10879 1.27225 0.908749 0.133967 1.03315 0.737964 0.102595 1.34907 0.963623
Stanford 1.3 1.41572 1.08901 0.269681 0.247638 -0.0220428 0.0670333 8.18412 7.99796 63.5734 5.05011 6.90686 8.17807 105 0.235132 1.49101 1.14693 0.214865 1.63165 1.25512 0.232449 1.50822 1.16017 0.219943 1.59398 1.22614
bcsstk32 2 2.70785 1.35392 0.0497905 0.036775 -0.0130155 0.451394 20.0979 19.6547 33.327 2.58056 10.4663 13.1366 105 0.035826 2.77957 1.38979 0.028435 3.50206 1.75103 0.033152 3.00377 1.50189 0.032203 3.09229 1.54614
cant 2.2 2.30539 1.0479 0.0588995 0.056207 -0.00269255 0.295337 25.0076 23.7479 27.6549 2.15632 8.7925 12.1586 105 0.054995 2.3562 1.071 0.040939 3.16517 1.43871 0.051082 2.53669 1.15304 0.04987 2.59834 1.18106
consph 2.3 1.68481 0.732528 0.0742322 0.101337 0.0271048 0.16381 21.9278 21.017 34.6675 2.86371 8.30299 10.9417 117 0.098435 1.73448 0.754124 0.076214 2.24019 0.973997 0.093021 1.83544 0.798015 0.090119 1.89454 0.823713
crankseg_2 3 1.38743 0.462478 0.074094 0.160211 0.086117 0.103613 28.7015 27.784 10.2871 18.8364 5.96838 8.2435 121 0.130033 1.70943 0.569809 0.08405 2.64464 0.881547 0.150306 1.47886 0.492954 0.120128 1.85038 0.616792
ct20stif 2.1 2.35374 1.12083 0.0508957 0.045409 -0.00548671 0.365566 20.0445 20.399 29.6109 2.38939 13.2837 13.6757 105 0.044324 2.41136 1.14827 0.035222 3.0345 1.445 0.040752 2.62272 1.24891 0.039667 2.69446 1.28307
lhr71 1.8 1.7754 0.986333 0.0655478 0.066456 0.000908222 0.249789 11.3443 11.0419 57.2108 6.98808 6.07319 6.93391 105 0.061812 1.90879 1.06044 0.054273 2.17394 1.20774 0.063 1.87279 1.04044 0.058356 2.02183 1.12324
ohne2 3.2 2.06804 0.646263 0.0874787 0.135361 0.0478823 0.122635 19.2138 18.5393 35.7673 2.62262 10.585 13.0717 105 0.131811 2.12374 0.663668 0.105803 2.64579 0.826808 0.122091 2.29281 0.716504 0.118541 2.36148 0.737962
pdb1HYS 5.4 1.96383 0.363673 0.0191048 0.052533 0.0334282 0.315992 27.0287 25.7057 16.4658 9.92329 9.33699 11.0235 105 0.04732 2.18018 0.403737 0.033121 3.11482 0.576819 0.04819 2.14082 0.396448 0.042977 2.40049 0.444536
pwtk 3.6 1.92184 0.533844 0.100552 0.188354 0.0878023 0.0881319 21.9034 21.1761 35.2204 2.36894 9.26075 9.92652 105 0.183892 1.96847 0.546797 0.142636 2.53783 0.704953 0.174332 2.07642 0.576783 0.16987 2.13096 0.591933
rma10 2.3 2.77401 1.20609 0.044547 0.036935 -0.00761196 0.449438 22.1254 21.5405 26.0241 2.3961 15.0426 12.1267 109 0.03605 2.84211 1.2357 0.027878 3.67523 1.59793 0.033576 3.05152 1.32675 0.032691 3.13413 1.36267
shipsec1 2.1 2.20616 1.05055 0.099249 0.094473 -0.00477605 0.175712 14.9874 14.3025 39.1128 5.79319 11.0815 14.4359 105 0.089 2.34183 1.11516 0.074841 2.78488 1.32613 0.084245 2.47401 1.1781 0.078772 2.6459 1.25995
soc-sign-epinions 1.2 1.61009 1.34174 0.147398 0.109856 -0.0375423 0.151107 8.35821 8.47382 52.8455 4.28197 8.44196 17.3518 105 0.105152 1.68212 1.40176 0.09597 1.84306 1.53588 0.09556 1.85096 1.54247 0.090856 1.94679 1.62233
webbase-1M 0.7 0.785347 1.12192 1.2389 1.10427 -0.134636 0.0150326 6.11293 5.96523 77.7782 2.20862 4.17201 3.7385 105 1.07988 0.803084 1.14726 1.01237 0.856632 1.22376 1.0733 0.808002 1.15429 1.04891 0.826789 1.18113
xenon2 5.6 2.70555 0.483135 0.0418114 0.086542 0.0447306 0.191814 16.8011 15.998 35.6266 4.33316 13.5414 13.3866 105 0.082792 2.8281 0.505018 0.068252 3.43058 0.612604 0.077854 3.00748 0.537049 0.074104 3.15967 0.564226
