# SparsePIM structural residual feature analysis
model_variant: v13_phase_exposure_classified_shared_overlap
source_results: spmv_guided_kmeans_draf_bga_v13_structural_results.txt
residual_definition: log(model_speedup) - log(target_speedup)
notes: correlations are diagnostic only; model equations do not fit to targets
columns: matrix residual_log model_speedup target_speedup mean_nnz_per_col row_nnz_gini col_nnz_gini single_nnz_column_ratio low_nnz_column_ratio draf_memory_expansion critical_padding_ratio exposure_factor bga_reduction_ratio bga_row_reuse_factor bga_unique_row_ratio bga_duplicate_partial_ratio bga_near_duplicate_partial_ratio bga_far_duplicate_partial_ratio bga_near_duplicate_share accumulator_flush_estimate bga_capacity_pressure bga_stream_capacity_flushes bga_critical_flushes bga_reuse_aware_accumulate_cycle draf_access_share draf_bga_window_occupancy draf_bga_contention_score draf_vs_coo_memory_ratio draf_exposed_memory_saving_factor phase_class_code bga_bound_score draf_access_bound_score padding_sync_bound_score percentile_tail_exposure_factor tail_skew_max_over_p90 tail_skew_max_over_p95 p90_to_max_tail_steps p95_to_max_tail_steps shared_bga_overlap_cycle shared_draf_overlap_cycle draf_step_tail_saved_cycle
ASIC_100k -0.256545 1.08321 1.4 9.4687 0.338269 0.338269 0.000754983 0.98638 1.92703 0.924346 0.739318 0.566167 2.30504 0.433833 0.566167 0.481001 0.0851661 0.849574 8190 22.6719 1451 1451 27731 0.127712 0.0692956 0.00723748 0.885407 0.00156075 3 0.637128 0.575506 0.774543 0.712944 3.03663 2.76169 1979.2 1882.45 2896 1034 9
Stanford 0.164592 1.53259 1.3 8.20317 0.775986 0.534566 0.101636 0.861606 2.33052 1.32951 0.638798 0.74676 3.94882 0.25324 0.74676 0.468619 0.27814 0.627537 27016 9.67188 619 619 9953 0.173442 0.00972087 0.00156503 0.966105 0.00469093 3 0.371287 0.615319 0.753365 0.920993 1.3471 1.21296 1126 767.25 1602 3357 30
bcsstk32 0.535438 3.41639 2 45.1636 0.174199 0.174199 0 0.0167679 1.19077 0.18964 0.026496 0.9395 16.5288 0.0605003 0.9395 0.882928 0.0565722 0.939785 9899 3.60938 231 231 5649 0.40451 0.269616 0.249301 0.738153 0.257456 1 0.334743 0.276118 0.074172 0.990928 1.03174 1.02058 38.3 25.1 5223 5250 45
cant 0.336689 3.08067 2.2 64.1684 0.111077 0.111077 0.00389105 0.00389105 1.12319 0.122424 0.0138463 0.957134 23.3283 0.0428664 0.957134 0.837773 0.119361 0.875294 51097 13.4062 858 858 11366 0.49447 0.375995 0.357859 0.724638 0.27429 1 0.472884 0.3144 0.0471585 0.992107 1.02276 1.01785 52.2 41.15 10817 9512 62
consph -0.0368804 2.21672 2.3 72.1252 0.10222 0.10222 0.0438596 0.0438596 1.17991 0.179476 0.0421634 0.956621 23.0524 0.0433794 0.956621 0.846119 0.110501 0.884488 88976 24.1562 1546 1546 17640 0.436929 0.289494 0.267183 0.735982 0.252438 1 0.490231 0.349474 0.077361 0.994518 1.02449 1.01233 88.6 45.15 16280 15273 77
crankseg_2 -0.180883 2.5036 3 221.637 0.229077 0.229077 0 0 1.0372 0.0370375 0.00637508 0.980553 51.4229 0.0194466 0.980553 0.813978 0.166575 0.830121 221021 59.3438 3798 3798 30133 0.694313 0.487039 0.478301 0.707441 0.292559 1 0.503065 0.269377 0.0206277 0.98576 1.04238 1.03268 322.6 251.1 29592 31167 253
ct20stif 0.349209 2.97768 2.1 49.6913 0.180374 0.180374 0 0.018097 1.16234 0.161431 0.0250086 0.94167 17.1437 0.0583303 0.94167 0.868508 0.0731617 0.922306 18697 6.64062 425 425 7458 0.410437 0.307315 0.286506 0.732468 0.26269 1 0.387079 0.279369 0.0637058 0.993763 1.02919 1.01406 44.3 21.65 6953 6525 37
lhr71 0.111516 2.01235 1.8 21.2507 0.596627 0.381493 0.135981 0.41147 1.62939 0.62756 0.297896 0.903595 10.3729 0.0964052 0.903595 0.840064 0.0635312 0.929691 5933 2.20312 141 141 4882 0.235187 0.0557921 0.0283124 0.825878 0.102476 2 0.259042 0.442512 0.348448 0.974728 1.06719 1.0595 83.3 74.3 2477 3155 172
ohne2 -0.179254 2.67486 3.2 37.8837 0.318983 0.194149 0 0.00206239 1.22125 0.220906 0.0208713 0.932396 14.7921 0.0676037 0.932396 0.670983 0.261413 0.719633 80822 22.2969 1427 1427 24304 0.384074 0.30691 0.282121 0.74425 0.255222 1 0.532259 0.262119 0.0833131 0.985138 1.04139 1.03416 177.6 147.6 22340 17767 276
pdb1HYS -0.598067 2.96932 5.4 119.306 0.150686 0.150686 0 0 1.06368 0.0632455 0.00726426 0.970295 33.6647 0.0297047 0.970295 0.908608 0.0616871 0.936424 66521 17.375 1112 1112 10227 0.583012 0.450657 0.438315 0.712737 0.287263 1 0.486218 0.283111 0.026888 0.990365 1.03426 1.02188 80.3 51.9 9946 9494 61
pwtk -0.327629 2.59427 3.6 52.8843 0.0278782 0.0278782 0 0.00223479 1.18146 0.181223 0.0164449 0.955133 22.2882 0.0448669 0.955133 0.907542 0.047591 0.950173 45285 17.375 1112 1112 33556 0.437577 0.297567 0.278792 0.736291 0.263119 1 0.495201 0.300431 0.0664411 0.991334 1.02749 1.01964 185.8 133.75 31438 28997 240
rma10 0.429765 3.53486 2.3 49.7297 0.302865 0.30285 0 0.0224618 1.12977 0.128749 0.0257888 0.949127 19.6568 0.050873 0.949127 0.872325 0.076802 0.919081 23184 9.32812 597 597 6962 0.442749 0.373617 0.351598 0.725953 0.267891 1 0.431716 0.263137 0.0530953 0.996453 1.01245 1.00794 17 10.9 6551 5562 16
shipsec1 0.231837 2.64792 2.1 25.3288 0.232045 0.232045 0 0.177584 1.29403 0.293237 0.130227 0.899368 9.93724 0.100632 0.899368 0.693655 0.205714 0.771269 30470 9.14062 585 585 12276 0.301838 0.184098 0.138273 0.758805 0.198362 1 0.42658 0.263165 0.157668 0.989688 1.0257 1.02345 59.2 54.15 9220 8314 102
soc-sign-epinions 0.434442 1.85292 1.2 6.38235 0.856811 0.870528 0.468233 0.900923 2.28733 1.28374 0.720587 0.524235 2.10188 0.475765 0.524235 0.224695 0.299541 0.428615 12378 3.51562 225 225 3497 0.191925 0.00832118 0.00109999 0.957466 0.00421412 3 0.284414 0.637301 0.836075 0.796015 2.4847 1.82916 1964.7 1490.45 462 1447 23
webbase-1M 0.129698 0.796939 0.7 3.10552 0.345481 0.659218 0.919394 0.968395 5.66669 4.66594 0.896798 0.4653 1.87021 0.5347 0.4653 0.239108 0.226193 0.513878 43957 15.6719 1003 1003 20441 0.122105 0.0022247 0.00022247 1.63334 0 3 0.454055 0.72884 1 0.993044 1.10832 1.0157 1236.7 195.6 2044 8194 0
xenon2 -0.52396 3.31616 5.6 24.556 0.0752165 0.0752165 0.000342936 0.103109 1.23673 0.236084 0.0808523 0.91134 11.2791 0.0886596 0.91134 0.733377 0.177964 0.804723 27036 9.04688 579 579 12689 0.335465 0.239644 0.201262 0.747347 0.226602 1 0.43293 0.225538 0.114289 0.993166 1.01835 1.01542 43.6 36.75 10656 9265 68

# Pearson correlation with residual_log
columns: feature pearson_r
mean_nnz_per_col -0.304573
row_nnz_gini 0.36942
col_nnz_gini 0.405405
single_nnz_column_ratio 0.221328
low_nnz_column_ratio 0.136116
draf_memory_expansion 0.141033
critical_padding_ratio 0.140774
exposure_factor 0.145068
bga_reduction_ratio -0.153248
bga_row_reuse_factor -0.299642
bga_unique_row_ratio 0.153248
bga_duplicate_partial_ratio -0.153248
bga_near_duplicate_partial_ratio -0.157862
bga_far_duplicate_partial_ratio 0.1112
bga_near_duplicate_share -0.201742
accumulator_flush_estimate -0.344403
bga_capacity_pressure -0.437034
bga_stream_capacity_flushes -0.437034
bga_critical_flushes -0.437034
bga_reuse_aware_accumulate_cycle -0.572962
draf_access_share -0.226615
draf_bga_window_occupancy -0.254579
draf_bga_contention_score -0.229812
draf_vs_coo_memory_ratio 0.141033
draf_exposed_memory_saving_factor -0.165884
phase_class_code 0.150353
bga_bound_score -0.574503
draf_access_bound_score 0.19565
padding_sync_bound_score 0.164922
percentile_tail_exposure_factor -0.00137978
tail_skew_max_over_p90 0.00750279
tail_skew_max_over_p95 -0.072338
p90_to_max_tail_steps 0.0707654
p95_to_max_tail_steps 0.00212182
shared_bga_overlap_cycle -0.474437
shared_draf_overlap_cycle -0.441686
draf_step_tail_saved_cycle -0.384393
