# SparsePIM DRAF+BGA phase diagnostics
model_variant: bv2_runtime_orchestration
source_results: Guided_kmeans_result/spmv_guided_kmeans_draf_bga_bv2_structural_results.txt
notes: alternative totals are diagnostic only, not adopted models
columns: matrix target_speedup model_speedup model_over_target target_pim_ms model_ms excess_ms setup_pct fetch_pct compute_pct padding_pct bga_pct readback_pct final_pct mode_cycle compute_bga_overlap_ms compute_bga_overlap_speedup compute_bga_overlap_over_target aggressive_overlap_ms aggressive_overlap_speedup aggressive_overlap_over_target wide_final_ms wide_final_speedup wide_final_over_target compute_bga_overlap_wide_final_ms compute_bga_overlap_wide_final_speedup compute_bga_overlap_wide_final_over_target phase_class_code bga_bound_score draf_access_bound_score padding_sync_bound_score percentile_tail_exposure_factor shared_overlap_window_cycle shared_bga_overlap_cycle shared_draf_overlap_cycle draf_step_tail_saved_cycle group_steps_p90 group_steps_p95 group_steps_max tail_skew_max_over_p90 tail_skew_max_over_p95 p90_to_max_tail_steps p95_to_max_tail_steps bga_near_duplicate_partial_ratio bga_far_duplicate_partial_ratio bga_near_duplicate_share accumulator_flush_estimate
ASIC_100k 1.4 2.2308 1.59343 0.903204 0.56683 -0.336374 61.5437 1.46023 11.803 9.6147 6.17998 5.97569 3.4042 105 0.5318 2.37775 1.69839 0.523523 2.41534 1.72524 0.552358 2.28925 1.63518 0.517328 2.44426 1.7459 0 0 0 0 1 0 0 0 0 971.8 1068.55 2951 3.03663 2.76169 1979.2 1882.45 0.481001 0.0851661 0.849574 8190
Stanford 1.3 2.56882 1.97601 2.54727 1.2891 -1.25818 66.6998 1.57218 12.7483 14.9175 1.15623 1.32682 1.57102 105 1.27419 2.59887 1.99913 1.25393 2.64087 2.03144 1.27391 2.59944 1.99957 1.259 2.63022 2.02325 0 0 0 0 1 0 0 0 0 3244 3602.75 4370 1.3471 1.21296 1126 767.25 0.468619 0.27814 0.627537 27016
bcsstk32 2 1.87428 0.93714 0.5797 0.618584 0.038884 69.943 1.19483 21.5245 3.88322 2.03432 0.622228 0.780977 105 0.606 1.9132 0.956601 0.598609 1.93682 0.968412 0.614961 1.88532 0.942661 0.602377 1.92471 0.962354 0 0 0 0 1 0 0 0 0 1206.7 1219.9 1245 1.03174 1.02058 38.3 25.1 0.882928 0.0565722 0.939785 9899
cant 2.2 2.21477 1.00672 1.0858 1.07856 -0.00724264 67.9463 1.30322 24.4594 2.86066 2.32884 0.458203 0.633622 105 1.05344 2.26758 1.03072 1.03939 2.29825 1.04466 1.07344 2.22535 1.01152 1.04832 2.27867 1.03576 0 0 0 0 1 0 0 0 0 2293.8 2304.85 2346 1.02276 1.01785 52.2 41.15 0.837773 0.119361 0.875294 51097
consph 2.3 2.2498 0.978172 1.61107 1.64703 0.0359512 66.9689 1.34916 24.1012 4.10346 2.28606 0.51086 0.673213 117 1.60937 2.30243 1.00106 1.58715 2.33467 1.01507 1.63871 2.26121 0.983136 1.60106 2.31439 1.00626 0 0 0 0 1 0 0 0 0 3617.4 3660.85 3706 1.02449 1.01233 88.6 45.15 0.846119 0.110501 0.884488 88976
crankseg_2 3 2.96472 0.98824 3.26924 3.30815 0.038903 66.0909 1.38999 28.0767 0.994485 2.75599 0.289044 0.399227 121 3.21697 3.04874 1.01625 3.17099 3.09295 1.03098 3.29824 2.97362 0.991208 3.20707 3.05816 1.01939 0 0 0 0 1 0 0 0 0 7612.4 7683.9 7935 1.04238 1.03268 322.6 251.1 0.813978 0.166575 0.830121 221021
ct20stif 2.1 2.20917 1.05199 0.796711 0.757341 -0.0393704 68.8865 1.20184 22.6823 3.48364 2.11543 0.796471 0.819974 105 0.74132 2.25691 1.07472 0.732218 2.28497 1.08808 0.752684 2.22284 1.05849 0.736663 2.27118 1.08151 0 0 0 0 1 0 0 0 0 1517.7 1540.35 1562 1.02919 1.01406 44.3 21.65 0.868508 0.0731617 0.922306 18697
lhr71 1.8 3.06002 1.70001 1.05884 0.622843 -0.435996 70.2655 1.21042 16.17 9.4356 1.5137 0.647996 0.739833 105 0.613415 3.10705 1.72614 0.605876 3.14571 1.74762 0.619387 3.07709 1.70949 0.609959 3.12465 1.73592 0 0 0 0 1 0 0 0 0 1239.7 1248.7 1323 1.06719 1.0595 83.3 74.3 0.840064 0.0635312 0.929691 5933
ohne2 3.2 9.40605 2.93939 5.70245 1.94001 -3.76244 66.4156 1.34061 23.426 4.89678 2.26494 0.738553 0.912057 105 1.89607 9.62403 3.00751 1.87006 9.75788 3.04934 1.92674 9.47084 2.95964 1.8828 9.69186 3.02871 0 0 0 0 1 0 0 0 0 4291.4 4321.4 4469 1.04139 1.03416 177.6 147.6 0.670983 0.261413 0.719633 80822
pdb1HYS 5.4 5.34709 0.990201 1.09406 1.10488 0.0108268 67.8959 1.28511 25.7993 1.56514 2.47692 0.443939 0.524128 105 1.07752 5.48289 1.01535 1.06332 5.55611 1.02891 1.10054 5.36819 0.994109 1.07317 5.50508 1.01946 0 0 0 0 1 0 0 0 0 2343.7 2372.1 2424 1.03426 1.02188 80.3 51.9 0.908608 0.0616871 0.936424 66521
pwtk 3.6 3.74754 1.04098 3.20004 3.07406 -0.125983 66.1984 1.34207 24.7283 4.25168 2.30045 0.567426 0.608219 105 3.00334 3.83578 1.06549 2.96208 3.8892 1.08033 3.06003 3.76471 1.04575 2.98932 3.85377 1.07049 0 0 0 0 1 0 0 0 0 6759.2 6811.25 6945 1.02749 1.01964 185.8 133.75 0.907542 0.047591 0.950173 45285
rma10 2.3 3.99434 1.73667 1.16626 0.671548 -0.49471 69.3636 1.21689 22.8614 2.81276 2.23484 0.827342 0.666966 109 0.65654 4.08565 1.77637 0.648368 4.13715 1.79876 0.668189 4.01442 1.7454 0.653181 4.10666 1.78551 0 0 0 0 1 0 0 0 0 1366 1372.1 1383 1.01245 1.00794 17 10.9 0.872325 0.076802 0.919081 23184
shipsec1 2.1 3.9887 1.89938 2.11194 1.11191 -1.00003 67.4029 1.27339 21.2718 5.89715 1.97723 0.941533 1.22654 105 1.08993 4.06915 1.93769 1.07577 4.12271 1.96319 1.10168 4.02573 1.91701 1.0797 4.1077 1.95605 0 0 0 0 1 0 0 0 0 2303.8 2308.85 2363 1.0257 1.02345 59.2 54.15 0.693655 0.205714 0.771269 30470
soc-sign-epinions 1.2 2.21051 1.84209 0.989943 0.537401 -0.452542 67.8763 1.70859 11.5175 12.5967 1.00856 1.72571 3.54707 105 0.531981 2.23303 1.86086 0.522799 2.27225 1.89354 0.523105 2.27092 1.89244 0.517685 2.2947 1.91225 0 0 0 0 1 0 0 0 0 1323.3 1797.55 3288 2.4847 1.82916 1964.7 1490.45 0.224695 0.299541 0.428615 12378
webbase-1M 0.7 1.48977 2.12825 8.41028 3.95174 -4.45854 65.8932 1.70818 6.57856 22.9212 0.685722 1.16581 1.04468 105 3.92465 1.50006 2.14294 3.85714 1.52631 2.18044 3.92078 1.50154 2.14505 3.89368 1.51199 2.15998 0 0 0 0 1 0 0 0 0 11417.3 12458.4 12654 1.10832 1.0157 1236.7 195.6 0.239108 0.226193 0.513878 43957
xenon2 5.6 10.1818 1.81818 2.0857 1.14714 -0.938563 67.39 1.2675 22.274 4.98729 2.04056 1.02159 1.00991 105 1.12373 10.3939 1.85605 1.10919 10.5301 1.88038 1.13845 10.2595 1.83205 1.11504 10.4749 1.87051 0 0 0 0 1 0 0 0 0 2376.4 2383.25 2420 1.01835 1.01542 43.6 36.75 0.733377 0.177964 0.804723 27036
