# SparsePIM DRAF+BGA phase diagnostics
model_variant: v11_conservative_overlap_reuse
source_results: spmv_guided_kmeans_draf_bga_v11_structural_results.txt
notes: alternative totals are diagnostic only, not adopted models
columns: matrix target_speedup model_speedup model_over_target target_pim_ms model_ms excess_ms setup_pct fetch_pct compute_pct padding_pct bga_pct readback_pct final_pct mode_cycle compute_bga_overlap_ms compute_bga_overlap_speedup compute_bga_overlap_over_target aggressive_overlap_ms aggressive_overlap_speedup aggressive_overlap_over_target wide_final_ms wide_final_speedup wide_final_over_target compute_bga_overlap_wide_final_ms compute_bga_overlap_wide_final_speedup compute_bga_overlap_wide_final_over_target
ASIC_100k 1.4 1.05093 0.750661 0.0988629 0.131701 0.0328381 0.126043 6.28469 6.16093 35.8668 11.9103 25.7189 14.6514 82 0.116015 1.19302 0.852156 0.107738 1.28467 0.917623 0.117229 1.18066 0.843331 0.101543 1.36305 0.973606
Stanford 1.3 1.47375 1.13366 0.269681 0.237886 -0.0317948 0.0697813 8.51963 8.32584 66.1796 2.62899 7.19 8.51332 0 0.231698 1.51311 1.16393 0.211431 1.65815 1.2755 0.222697 1.57427 1.21098 0.216509 1.61926 1.24559
bcsstk32 2 3.46948 1.73474 0.0497905 0.028702 -0.0210885 0.578357 25.7508 25.1829 42.7009 1.65494 13.4102 16.8316 0 0.030554 3.25918 1.62959 0.023163 4.29914 2.14957 0.025079 3.97069 1.98535 0.026931 3.69763 1.84882
cant 2.2 3.13477 1.4249 0.0588995 0.041336 -0.0175635 0.401587 34.0043 32.2915 37.604 1.46603 11.9557 16.5328 0 0.04559 2.84227 1.29194 0.031534 4.10918 1.86781 0.036211 3.57844 1.62657 0.040465 3.20225 1.45557
consph 2.3 2.20018 0.9566 0.0742322 0.0776 0.00336783 0.213918 28.6353 27.4459 45.2719 1.86985 10.8428 14.2887 0 0.0832 2.05209 0.892214 0.060979 2.79988 1.21734 0.069284 2.46426 1.07142 0.074884 2.27998 0.991296
crankseg_2 3 2.59375 0.864584 0.074094 0.085699 0.011605 0.193701 53.6564 51.9411 19.2313 0.954504 11.1577 15.4109 0 0.10351 2.14744 0.715815 0.057527 3.86396 1.28799 0.075794 2.93271 0.977571 0.093605 2.37468 0.79156
ct20stif 2.1 3.02865 1.44221 0.0508957 0.03529 -0.0156057 0.470388 25.792 26.2482 38.1014 1.53868 17.0927 17.5971 0 0.037772 2.82964 1.34745 0.02867 3.72797 1.77523 0.030633 3.48908 1.66147 0.033115 3.22757 1.53694
lhr71 1.8 1.97364 1.09647 0.0655478 0.059781 -0.00576678 0.27768 12.611 12.2748 63.5988 3.88418 6.75131 7.70813 0 0.058554 2.01499 1.11944 0.051015 2.31277 1.28487 0.056325 2.09474 1.16374 0.055098 2.14138 1.18966
ohne2 3.2 2.61401 0.816879 0.0874787 0.107089 0.0196103 0.155011 24.2863 23.4338 45.2101 1.6575 13.3795 16.5227 0 0.11364 2.46332 0.769788 0.087632 3.1944 0.998251 0.093819 2.98375 0.93242 0.10037 2.789 0.871563
pdb1HYS 5.4 3.06978 0.568477 0.0191048 0.033607 0.0145022 0.493945 42.2501 40.1821 25.7387 1.11584 14.5952 17.2315 0 0.038613 2.67179 0.494777 0.024414 4.22569 0.782535 0.029264 3.52536 0.652844 0.03427 3.01039 0.557479
pwtk 3.6 2.52111 0.700308 0.100552 0.143582 0.0430303 0.115613 28.7334 27.7792 46.2029 1.55451 12.1485 13.0218 0 0.155027 2.33499 0.648607 0.113771 3.18171 0.883808 0.12956 2.79396 0.776101 0.141005 2.56719 0.713107
rma10 2.3 3.63739 1.58147 0.044547 0.028168 -0.016379 0.589321 29.0116 28.2448 34.1238 1.57271 19.7245 15.901 0 0.03047 3.36259 1.46199 0.022298 4.59494 1.9978 0.024809 4.12987 1.7956 0.027111 3.7792 1.64313
shipsec1 2.1 2.62072 1.24796 0.099249 0.079529 -0.01972 0.208729 17.8036 16.99 46.4623 3.44151 13.1638 17.1485 0 0.080512 2.58872 1.23272 0.066353 3.14112 1.49577 0.069301 3.0075 1.43214 0.070284 2.96544 1.41211
soc-sign-epinions 1.2 1.6683 1.39025 0.147398 0.106023 -0.0413753 0.15657 8.66039 8.78017 54.756 2.21839 8.74716 17.9791 34 0.103671 1.70615 1.42179 0.094489 1.87194 1.55995 0.091727 1.92831 1.60692 0.089375 1.97905 1.64921
webbase-1M 0.7 0.80012 1.14303 1.2389 1.08388 -0.155025 0.0153154 6.22793 6.07745 79.2413 1.12513 4.25049 3.80883 105 1.07168 0.809225 1.15604 1.00418 0.863623 1.23375 1.05291 0.823648 1.17664 1.04072 0.8333 1.19043
xenon2 5.6 3.29762 0.58886 0.0418114 0.071004 0.0291926 0.23379 20.4777 19.4989 43.4229 2.6407 16.5047 16.316 0 0.073337 3.19271 0.570127 0.058797 3.98224 0.711115 0.062316 3.75737 0.670958 0.064649 3.62177 0.646745
