# SparsePIM DRAF+BGA phase diagnostics
model_variant: v4_draf_memory_saving_only
source_results: spmv_guided_kmeans_draf_bga_v4_draf_memory_structural_results.txt
notes: alternative totals are diagnostic only, not adopted models
columns: matrix target_speedup model_speedup model_over_target target_pim_ms model_ms excess_ms setup_pct fetch_pct compute_pct padding_pct bga_pct readback_pct final_pct mode_cycle compute_bga_overlap_ms compute_bga_overlap_speedup compute_bga_overlap_over_target aggressive_overlap_ms aggressive_overlap_speedup aggressive_overlap_over_target wide_final_ms wide_final_speedup wide_final_over_target compute_bga_overlap_wide_final_ms compute_bga_overlap_wide_final_speedup compute_bga_overlap_wide_final_over_target
ASIC_100k 1.4 1.0485 0.748927 0.0988629 0.132006 0.0331431 0.125752 6.27017 6.14669 20.5832 26.5367 25.6594 14.6175 80 0.096976 1.42724 1.01946 0.088699 1.56042 1.11459 0.117534 1.1776 0.841143 0.082504 1.67759 1.19828
Stanford 1.3 1.85991 1.4307 0.269681 0.188496 -0.0811848 0.0880655 10.752 10.5074 50.9708 7.90733 9.07393 10.744 0 0.173673 2.01865 1.55281 0.153406 2.28534 1.75795 0.173307 2.02291 1.55609 0.158484 2.21212 1.70163
bcsstk32 2 2.24631 1.12315 0.0497905 0.044331 -0.0054595 0.374456 16.6723 16.3046 26.9337 28.3865 8.68241 10.8976 0 0.035405 2.81263 1.40631 0.028014 3.55469 1.77734 0.040708 2.44623 1.22311 0.031782 3.13325 1.56663
cant 2.2 1.79014 0.813698 0.0588995 0.072385 0.0134855 0.229329 19.4184 18.4403 21.1812 34.7006 6.82738 9.44118 0 0.054678 2.36986 1.07721 0.040622 3.18987 1.44994 0.06726 1.92654 0.875699 0.049553 2.61496 1.18862
consph 2.3 1.38043 0.600186 0.0742322 0.123682 0.0494498 0.134215 17.9662 17.22 27.2562 30.4426 6.80293 8.96493 0 0.096898 1.762 0.766086 0.074677 2.2863 0.994043 0.115366 1.47993 0.643449 0.088582 1.92741 0.838005
crankseg_2 3 1.1421 0.380699 0.074094 0.194626 0.120532 0.0852918 23.6263 22.871 8.4146 46.8447 4.91301 6.78584 0 0.16009 1.38848 0.462827 0.114107 1.94801 0.649338 0.184721 1.20334 0.401113 0.150185 1.48005 0.493352
ct20stif 2.1 1.9365 0.922141 0.0508957 0.055193 0.00429729 0.300763 16.4912 16.7829 23.7675 29.0272 10.9289 11.2514 0 0.043891 2.43515 1.15959 0.034789 3.07226 1.46298 0.050536 2.11495 1.00712 0.039234 2.72419 1.29723
lhr71 1.8 1.93432 1.07462 0.0655478 0.060996 -0.00455178 0.272149 12.3598 12.0303 48.0359 15.4568 6.61683 7.55459 0 0.052987 2.2267 1.23705 0.045448 2.59607 1.44226 0.05754 2.0505 1.13917 0.049531 2.38206 1.32337
ohne2 3.2 1.73097 0.540927 0.0874787 0.16172 0.0742413 0.102647 16.0821 15.5176 29.326 27.1704 8.85976 10.9411 0 0.130717 2.14151 0.669222 0.104709 2.67343 0.835446 0.14845 1.8857 0.589281 0.117447 2.38348 0.744836
pdb1HYS 5.4 1.54748 0.286571 0.0191048 0.066667 0.0475622 0.248999 21.2984 20.2559 12.8819 41.0503 7.35746 8.68646 0 0.052428 1.96777 0.364401 0.038229 2.69863 0.499747 0.062324 1.65532 0.30654 0.048085 2.14549 0.397313
pwtk 3.6 1.55903 0.433065 0.100552 0.232186 0.131634 0.0714944 17.7685 17.1785 28.1094 30.457 7.51251 8.0526 0 0.182714 1.98116 0.550323 0.141458 2.55896 0.710823 0.218164 1.65924 0.460899 0.168692 2.14584 0.596067
rma10 2.3 2.20354 0.958061 0.044547 0.046497 0.00195004 0.357012 17.5753 17.1108 20.154 32.2774 11.9492 9.63288 0 0.0357 2.86997 1.24781 0.027528 3.72196 1.61824 0.043138 2.37512 1.03266 0.032341 3.16805 1.37741
shipsec1 2.1 2.05862 0.980296 0.099249 0.101244 0.00199495 0.16396 13.985 13.346 32.2962 21.7149 10.3404 13.4704 0 0.084642 2.46241 1.17257 0.070483 2.95707 1.40813 0.091016 2.28996 1.09046 0.074414 2.80086 1.33374
soc-sign-epinions 1.2 2.05207 1.71006 0.147398 0.086195 -0.0612033 0.192587 10.6526 10.7999 39.16 6.28807 10.7593 22.115 28 0.080775 2.18976 1.8248 0.071593 2.4706 2.05884 0.071899 2.46009 2.05007 0.066479 2.66066 2.21722
webbase-1M 0.7 1.23728 1.76754 1.2389 0.700917 -0.537984 0.0236833 9.63067 9.39797 64.6039 3.86608 6.57282 5.88986 105 0.673819 1.28704 1.83863 0.606316 1.43033 2.04333 0.669955 1.29446 1.84923 0.642857 1.34903 1.92718
xenon2 5.6 2.40239 0.428998 0.0418114 0.097463 0.0556516 0.170321 14.9185 14.2054 29.2696 24.0173 12.0241 11.8866 0 0.080382 2.91289 0.520159 0.065842 3.55615 0.635027 0.088775 2.6375 0.470982 0.071694 3.26588 0.583193
