# SparsePIM DRAF+BGA phase diagnostics
model_variant: v9_reuse_aware_bga
source_results: spmv_guided_kmeans_draf_bga_v9_structural_results.txt
notes: alternative totals are diagnostic only, not adopted models
columns: matrix target_speedup model_speedup model_over_target target_pim_ms model_ms excess_ms setup_pct fetch_pct compute_pct padding_pct bga_pct readback_pct final_pct mode_cycle compute_bga_overlap_ms compute_bga_overlap_speedup compute_bga_overlap_over_target aggressive_overlap_ms aggressive_overlap_speedup aggressive_overlap_over_target wide_final_ms wide_final_speedup wide_final_over_target compute_bga_overlap_wide_final_ms compute_bga_overlap_wide_final_speedup compute_bga_overlap_wide_final_over_target
ASIC_100k 1.4 1.05176 0.751255 0.0988629 0.131597 0.0327341 0.126143 6.28966 6.16579 35.8952 11.824 25.7392 14.6629 105 0.116037 1.19279 0.851994 0.10776 1.28441 0.917436 0.117125 1.18171 0.84408 0.101565 1.36275 0.973395
Stanford 1.3 1.48536 1.14258 0.269681 0.236027 -0.0336538 0.0703309 8.58673 8.39141 66.7008 1.79174 7.24663 8.58037 105 0.231798 1.51246 1.16343 0.211531 1.65737 1.2749 0.220838 1.58752 1.22117 0.216609 1.61852 1.24501
bcsstk32 2 3.28282 1.64141 0.0497905 0.030334 -0.0194565 0.547241 24.3654 23.828 40.4035 0.609877 12.6887 15.926 105 0.030149 3.30296 1.65148 0.022758 4.37565 2.18782 0.026711 3.72809 1.86404 0.026526 3.75409 1.87705
cant 2.2 2.89789 1.31722 0.0588995 0.044715 -0.0141845 0.37124 31.4346 29.8513 34.7624 0.615006 11.0522 15.2835 105 0.04444 2.91582 1.32537 0.030384 4.26471 1.93851 0.03959 3.27302 1.48774 0.039315 3.29592 1.49814
consph 2.3 2.06148 0.896297 0.0742322 0.082821 0.00858883 0.200432 26.8302 25.7157 42.418 0.895908 10.1593 13.3879 117 0.082079 2.08012 0.904399 0.059858 2.85232 1.24014 0.074505 2.29158 0.996338 0.073763 2.31463 1.00636
crankseg_2 3 2.29941 0.766471 0.074094 0.096669 0.022575 0.17172 47.5675 46.0468 17.0489 0.428266 9.89149 13.6621 121 0.096255 2.3093 0.769768 0.050272 4.42159 1.47386 0.086764 2.56192 0.853972 0.08635 2.5742 0.858066
ct20stif 2.1 2.85824 1.36107 0.0508957 0.037394 -0.0135017 0.443921 24.3408 24.7714 35.9576 0.585655 16.1309 16.6069 105 0.037175 2.87508 1.36908 0.028073 3.80725 1.81298 0.032737 3.26484 1.55468 0.032518 3.28683 1.56516
lhr71 1.8 1.98382 1.10212 0.0655478 0.059474 -0.00607378 0.279114 12.6761 12.3382 63.9271 1.4292 6.78616 7.74792 105 0.058624 2.01259 1.1181 0.051085 2.3096 1.28311 0.056018 2.10622 1.17012 0.055168 2.13867 1.18815
ohne2 3.2 2.47288 0.772774 0.0874787 0.113201 0.0257223 0.146642 22.9751 22.1685 42.7691 0.74381 12.6571 15.6306 105 0.112359 2.49141 0.778565 0.086351 3.24179 1.01306 0.099931 2.80125 0.875392 0.099089 2.82506 0.88283
pdb1HYS 5.4 2.77873 0.51458 0.0191048 0.037127 0.0180222 0.447114 38.2444 36.3725 23.2984 0.50637 13.2114 15.5978 105 0.036939 2.79287 0.517199 0.02274 4.53676 0.840141 0.032784 3.14684 0.582748 0.032596 3.16499 0.586109
pwtk 3.6 2.37307 0.659187 0.100552 0.152539 0.0519873 0.108825 27.0462 26.1481 43.4899 0.481844 11.4351 12.2572 105 0.151804 2.38456 0.662378 0.110548 3.27447 0.909575 0.138517 2.6133 0.725916 0.137782 2.62724 0.729788
rma10 2.3 3.39771 1.47727 0.044547 0.030155 -0.014392 0.550489 27.1 26.3837 31.8753 0.73288 18.4248 14.8533 109 0.029934 3.4228 1.48817 0.021762 4.70812 2.04701 0.026796 3.82363 1.66245 0.026575 3.85543 1.67627
shipsec1 2.1 2.55467 1.21651 0.099249 0.081585 -0.017664 0.203469 17.3549 16.5619 45.2914 1.56156 12.832 16.7163 105 0.080311 2.5952 1.23581 0.066152 3.15067 1.50032 0.071357 2.92085 1.39088 0.070083 2.97395 1.41616
soc-sign-epinions 1.2 1.67574 1.39645 0.147398 0.105552 -0.0418463 0.157268 8.69903 8.81935 55.0004 1.71669 8.78619 18.0593 105 0.10374 1.70501 1.42084 0.094558 1.87058 1.55881 0.091256 1.93826 1.61522 0.089444 1.97753 1.64794
webbase-1M 0.7 0.801891 1.14556 1.2389 1.08148 -0.157419 0.0153493 6.24171 6.0909 79.4167 0.906534 4.2599 3.81726 105 1.07168 0.809227 1.15604 1.00418 0.863625 1.23375 1.05052 0.825525 1.17932 1.04072 0.833302 1.19043
xenon2 5.6 3.17049 0.566159 0.0418114 0.073851 0.0320396 0.224777 19.6883 18.7472 41.7489 1.23086 15.8684 15.687 105 0.072942 3.21 0.573215 0.058402 4.00918 0.715925 0.065163 3.5932 0.641644 0.064254 3.64404 0.650721
