# SparsePIM DRAF+BGA phase diagnostics
model_variant: bv4_setup_bounded_offload_aware_movement
source_results: Guided_kmeans_result/spmv_guided_kmeans_draf_bga_bv4_structural_results.txt
notes: alternative totals are diagnostic only, not adopted models
columns: matrix target_speedup model_speedup model_over_target target_pim_ms model_ms excess_ms setup_pct fetch_pct compute_pct padding_pct bga_pct readback_pct final_pct mode_cycle compute_bga_overlap_ms compute_bga_overlap_speedup compute_bga_overlap_over_target aggressive_overlap_ms aggressive_overlap_speedup aggressive_overlap_over_target wide_final_ms wide_final_speedup wide_final_over_target compute_bga_overlap_wide_final_ms compute_bga_overlap_wide_final_speedup compute_bga_overlap_wide_final_over_target phase_class_code bga_bound_score draf_access_bound_score padding_sync_bound_score percentile_tail_exposure_factor shared_overlap_window_cycle shared_bga_overlap_cycle shared_draf_overlap_cycle draf_step_tail_saved_cycle group_steps_p90 group_steps_p95 group_steps_max tail_skew_max_over_p90 tail_skew_max_over_p95 p90_to_max_tail_steps p95_to_max_tail_steps bga_near_duplicate_partial_ratio bga_far_duplicate_partial_ratio bga_near_duplicate_share accumulator_flush_estimate
ASIC_100k 1.4 1.16312 0.830802 0.903204 1.08715 0.183943 32.0884 0.766226 6.15409 5.01303 3.2222 2.99812 1.77492 521646 1.05212 1.20185 0.858464 1.04379 1.21144 0.865315 1.07268 1.17882 0.842011 1.03765 1.21861 0.870437 0 0 0 0 1 0 0 0 0 971.8 1068.55 2951 3.03663 2.76169 1979.2 1882.45 0.481001 0.0851661 0.849574 8190
Stanford 1.3 1.15994 0.892261 2.54727 2.85485 0.307579 30.118 0.711245 5.757 6.73593 0.522093 0.551482 0.709389 1567166 2.83995 1.16603 0.896944 2.81964 1.17442 0.903403 2.83966 1.16614 0.897034 2.82476 1.1723 0.901767 0 0 0 0 1 0 0 0 0 3244 3602.75 4370 1.3471 1.21296 1126 767.25 0.468619 0.27814 0.627537 27016
bcsstk32 2 1.64562 0.822808 0.5797 0.704539 0.124839 61.4098 1.00321 18.9006 3.40946 1.78613 0.426236 0.685697 87214 0.691955 1.67554 0.837771 0.684887 1.69283 0.846417 0.700916 1.65412 0.827061 0.688332 1.68436 0.842181 0 0 0 0 1 0 0 0 0 1206.7 1219.9 1245 1.03174 1.02058 38.3 25.1 0.882928 0.0565722 0.939785 9899
cant 2.2 2.17593 0.989061 1.0858 1.09781 0.0120094 66.7547 1.2463 24.0301 2.8105 2.288 0.398246 0.62251 20305 1.07269 2.22688 1.01222 1.05901 2.25566 1.0253 1.09269 2.18614 0.9937 1.06757 2.23758 1.01708 0 0 0 0 1 0 0 0 0 2293.8 2304.85 2346 1.02276 1.01785 52.2 41.15 0.837773 0.119361 0.875294 51097
consph 2.3 2.20623 0.959232 1.61107 1.67955 0.0684722 65.6722 1.30077 23.656 4.024 2.24179 0.443155 0.660178 33622 1.64189 2.25683 0.981229 1.62005 2.28726 0.994461 1.67123 2.21721 0.964005 1.63358 2.26832 0.986224 0 0 0 0 1 0 0 0 0 3617.4 3660.85 3706 1.02449 1.01233 88.6 45.15 0.846119 0.110501 0.884488 88976
crankseg_2 3 2.85688 0.952292 3.26924 3.43302 0.163781 63.6868 1.32862 27.0663 0.95831 2.65574 0.240022 0.384705 126318 3.34185 2.93482 0.978273 3.29624 2.97543 0.99181 3.42312 2.86514 0.955048 3.33195 2.94354 0.981181 0 0 0 0 1 0 0 0 0 7612.4 7683.9 7935 1.04238 1.03268 322.6 251.1 0.813978 0.166575 0.830121 221021
ct20stif 2.1 2.15224 1.02487 0.796711 0.777375 -0.0193364 67.1112 1.17228 22.0486 3.39386 2.06091 0.652452 0.798842 21470 0.761354 2.19752 1.04644 0.752241 2.22415 1.05912 0.772718 2.16521 1.03105 0.756697 2.21105 1.05288 0 0 0 0 1 0 0 0 0 1517.7 1540.35 1562 1.02919 1.01406 44.3 21.65 0.868508 0.0731617 0.922306 18697
lhr71 1.8 1.48248 0.823602 1.05884 1.28562 0.226781 34.0415 0.557163 7.83389 4.57126 0.733343 0.245718 0.358426 664135 1.27619 1.49344 0.829686 1.26903 1.50186 0.834369 1.28216 1.48648 0.825822 1.27274 1.49749 0.831939 0 0 0 0 1 0 0 0 0 1239.7 1248.7 1323 1.06719 1.0595 83.3 74.3 0.840064 0.0635312 0.929691 5933
ohne2 3.2 3.16184 0.988076 5.70245 5.77126 0.068814 22.3256 0.444374 7.87957 51.3692 0.761358 0.226761 0.306588 963024 5.72732 3.1861 0.995657 5.70168 3.20043 1.00014 5.75799 3.16913 0.990354 5.71405 3.1935 0.997969 0 0 0 0 1 0 0 0 0 4291.4 4321.4 4469 1.04139 1.03416 177.6 147.6 0.670983 0.261413 0.719633 80822
pdb1HYS 5.4 5.22467 0.967531 1.09406 1.13077 0.0367148 66.3415 1.22306 25.2428 1.52931 2.42021 0.351973 0.512129 26901 1.1034 5.35425 0.991528 1.08957 5.42221 1.00411 1.12643 5.24481 0.971262 1.09906 5.37541 0.995446 0 0 0 0 1 0 0 0 0 2343.7 2372.1 2424 1.03426 1.02188 80.3 51.9 0.908608 0.0616871 0.936424 66521
pwtk 3.6 3.71988 1.0333 3.20004 3.09691 -0.103127 65.7098 1.32019 24.5451 4.2203 2.28347 0.545124 0.60373 23915 3.02619 3.80681 1.05745 2.98531 3.85894 1.07193 3.08289 3.7368 1.038 3.01217 3.82453 1.06237 0 0 0 0 1 0 0 0 0 6759.2 6811.25 6945 1.02749 1.01964 185.8 133.75 0.907542 0.047591 0.950173 45285
rma10 2.3 2.31984 1.00863 1.16626 1.15629 -0.00997326 79.7476 0.706314 13.2808 1.63359 1.29795 0.384853 0.387361 29619 1.14128 2.35034 1.02189 1.13311 2.36728 1.02925 1.15293 2.3266 1.01156 1.13792 2.35728 1.02491 0 0 0 0 1 0 0 0 0 1366 1372.1 1383 1.01245 1.00794 17 10.9 0.872325 0.076802 0.919081 23184
shipsec1 2.1 1.9683 0.937286 2.11194 2.25325 0.14131 33.2613 0.613381 10.5124 2.91007 0.975703 0.405681 0.60526 1142761 2.23126 1.98769 0.946521 2.21744 2.00008 0.952421 2.24302 1.97728 0.94156 2.22104 1.99685 0.95088 0 0 0 0 1 0 0 0 0 2303.8 2308.85 2363 1.0257 1.02345 59.2 54.15 0.693655 0.205714 0.771269 30470
soc-sign-epinions 1.2 1.07247 0.893729 0.989943 1.10766 0.117712 32.9316 0.826431 5.55696 6.11156 0.489322 0.750504 1.72093 571691 1.10223 1.07775 0.898124 1.09308 1.08677 0.905645 1.09336 1.0865 0.905415 1.08794 1.09191 0.909925 0 0 0 0 1 0 0 0 0 1323.3 1797.55 3288 2.4847 1.82916 1964.7 1490.45 0.224695 0.299541 0.428615 12378
webbase-1M 0.7 0.626538 0.895054 8.41028 9.3964 0.986113 27.712 0.717988 2.76599 9.63972 0.288387 0.475725 0.439349 5446228 9.3693 0.62835 0.897643 9.30183 0.632907 0.904153 9.36543 0.628609 0.898013 9.33834 0.630433 0.900619 0 0 0 0 1 0 0 0 0 11417.3 12458.4 12654 1.10832 1.0157 1236.7 195.6 0.239108 0.226193 0.513878 43957
xenon2 5.6 4.99294 0.891597 2.0857 2.33929 0.253586 33.0467 0.605441 10.9383 2.44566 1.00065 0.463475 0.495237 1193144 2.31588 5.04341 0.900609 2.30171 5.07444 0.90615 2.3306 5.01155 0.894921 2.30719 5.0624 0.904 0 0 0 0 1 0 0 0 0 2376.4 2383.25 2420 1.01835 1.01542 43.6 36.75 0.733377 0.177964 0.804723 27036
