# SparsePIM DRAF+BGA phase diagnostics
model_variant: v14_bounded_draf_exposure_budget
source_results: Guided_kmeans_result/spmv_guided_kmeans_draf_bga_v14_structural_results.txt
notes: alternative totals are diagnostic only, not adopted models
columns: matrix target_speedup model_speedup model_over_target target_pim_ms model_ms excess_ms setup_pct fetch_pct compute_pct padding_pct bga_pct readback_pct final_pct mode_cycle compute_bga_overlap_ms compute_bga_overlap_speedup compute_bga_overlap_over_target aggressive_overlap_ms aggressive_overlap_speedup aggressive_overlap_over_target wide_final_ms wide_final_speedup wide_final_over_target compute_bga_overlap_wide_final_ms compute_bga_overlap_wide_final_speedup compute_bga_overlap_wide_final_over_target phase_class_code bga_bound_score draf_access_bound_score padding_sync_bound_score percentile_tail_exposure_factor shared_overlap_window_cycle shared_bga_overlap_cycle shared_draf_overlap_cycle draf_step_tail_saved_cycle group_steps_p90 group_steps_p95 group_steps_max tail_skew_max_over_p90 tail_skew_max_over_p95 p90_to_max_tail_steps p95_to_max_tail_steps bga_near_duplicate_partial_ratio bga_far_duplicate_partial_ratio bga_near_duplicate_share accumulator_flush_estimate
ASIC_100k 1.4 1.0967 0.783358 0.0988629 0.126204 0.0273411 0.131533 6.55843 6.42927 26.6719 19.6785 26.8391 15.2895 0 0.102218 1.35405 0.967177 0.093941 1.47335 1.05239 0.111732 1.23875 0.884821 0.087746 1.57737 1.12669 3 0.637128 0.575506 0.774543 0.712944 41792 2896 1168 18 971.8 1068.55 2951 3.03663 2.76169 1979.2 1882.45 0.481001 0.0851661 0.849574 8190
Stanford 1.3 1.55115 1.19319 0.269681 0.226016 -0.0436648 0.0734461 8.96706 8.7631 63.9733 3.69487 7.56761 8.96043 0 0.218701 1.60303 1.2331 0.198434 1.76676 1.35905 0.210827 1.6629 1.27916 0.203512 1.72267 1.32513 3 0.371287 0.615319 0.753365 0.920993 164800 1602 3484 61 3244 3602.75 4370 1.3471 1.21296 1126 767.25 0.468619 0.27814 0.627537 27016
bcsstk32 2 2.74903 1.37452 0.0497905 0.036224 -0.0135665 0.45826 20.4036 19.9536 33.5247 13.7754 10.6256 13.3365 0 0.035168 2.83158 1.41579 0.027777 3.58502 1.79251 0.032601 3.05454 1.52727 0.031545 3.15679 1.5784 1 0.334743 0.276118 0.074172 0.990928 19372 659 441 0 1206.7 1219.9 1245 1.03174 1.02058 38.3 25.1 0.882928 0.0565722 0.939785 9899
cant 2.2 2.25053 1.02297 0.0588995 0.057577 -0.00132255 0.28831 24.4125 23.1829 26.7833 17.9065 8.58329 11.8693 0 0.054177 2.39177 1.08717 0.040121 3.22971 1.46805 0.052452 2.47043 1.12292 0.049052 2.64167 1.20076 1 0.472884 0.3144 0.0471585 0.992107 28769 1056 590 0 2293.8 2304.85 2346 1.02276 1.01785 52.2 41.15 0.837773 0.119361 0.875294 51097
consph 2.3 1.69211 0.7357 0.0742322 0.1009 0.0266678 0.164519 22.0228 21.108 34.6264 15.1516 8.33895 10.9891 0 0.096769 1.76435 0.767107 0.074548 2.29026 0.995763 0.092584 1.8441 0.801782 0.088453 1.93022 0.839227 1 0.490231 0.349474 0.077361 0.994518 56236 2352 1356 0 3617.4 3660.85 3706 1.02449 1.01233 88.6 45.15 0.846119 0.110501 0.884488 88976
crankseg_2 3 1.75231 0.584103 0.074094 0.126851 0.052757 0.130862 36.2496 35.0908 12.8072 18.9419 7.53798 10.4114 0 0.124129 1.79073 0.596911 0.078146 2.84445 0.948148 0.116946 1.90072 0.633574 0.114224 1.94602 0.648673 1 0.503065 0.269377 0.0206277 0.98576 60759 6105 5548 0 7612.4 7683.9 7935 1.04238 1.03268 322.6 251.1 0.813978 0.166575 0.830121 221021
ct20stif 2.1 2.35338 1.12066 0.0508957 0.045416 -0.00547971 0.36551 20.0414 20.3959 29.4213 14.6446 13.2817 13.6736 0 0.04364 2.44915 1.16626 0.034538 3.09459 1.47361 0.040759 2.62227 1.2487 0.038983 2.74173 1.30559 1 0.387079 0.279369 0.0637058 0.993763 22625 807 495 0 1517.7 1540.35 1562 1.02919 1.01406 44.3 21.65 0.868508 0.0731617 0.922306 18697
lhr71 1.8 2.0422 1.13455 0.0655478 0.057774 -0.00777378 0.287326 13.0491 12.7012 61.5242 4.16277 6.98584 7.97591 0 0.056038 2.10546 1.1697 0.048499 2.43275 1.35153 0.054318 2.17213 1.20674 0.052582 2.24385 1.24658 2 0.259042 0.442512 0.348448 0.974728 44397 2477 3194 114 1239.7 1248.7 1323 1.06719 1.0595 83.3 74.3 0.840064 0.0635312 0.929691 5933
ohne2 3.2 2.19321 0.685377 0.0874787 0.127636 0.0401573 0.130057 20.3767 19.6614 37.368 12.6493 11.2257 13.8629 0 0.124066 2.25632 0.705098 0.098058 2.85476 0.892112 0.114366 2.44769 0.764902 0.110796 2.52655 0.789548 1 0.532259 0.262119 0.0833131 0.985138 72790 8159 6920 0 4291.4 4321.4 4469 1.04139 1.03416 177.6 147.6 0.670983 0.261413 0.719633 80822
pdb1HYS 5.4 2.08821 0.386706 0.0191048 0.049404 0.0302992 0.336005 28.7406 27.3338 17.3387 19.1381 9.92835 11.7217 0 0.046726 2.20789 0.408869 0.032527 3.1717 0.587353 0.045061 2.28947 0.423977 0.042383 2.43414 0.450766 1 0.486218 0.283111 0.026888 0.990365 22070 772 405 0 2343.7 2372.1 2424 1.03426 1.02188 80.3 51.9 0.908608 0.0616871 0.936424 66521
pwtk 3.6 1.91613 0.532259 0.100552 0.188915 0.0883633 0.0878702 21.8384 21.1132 34.8114 15.5858 9.23325 9.89704 0 0.181029 1.9996 0.555445 0.139773 2.58981 0.719393 0.174893 2.06976 0.574932 0.167007 2.16749 0.602081 1 0.495201 0.300431 0.0664411 0.991334 105650 4112 2183 0 6759.2 6811.25 6945 1.02749 1.01964 185.8 133.75 0.907542 0.047591 0.950173 45285
rma10 2.3 2.71628 1.18099 0.044547 0.03772 -0.00682696 0.440085 21.6649 21.0923 25.3924 16.7471 14.7296 11.8743 0 0.035547 2.88232 1.25318 0.027375 3.74276 1.62729 0.034361 2.98181 1.29644 0.032188 3.18311 1.38396 1 0.431716 0.263137 0.0530953 0.996453 17534 645 360 0 1366 1372.1 1383 1.01245 1.00794 17 10.9 0.872325 0.076802 0.919081 23184
shipsec1 2.1 2.5116 1.196 0.099249 0.082984 -0.016265 0.200039 17.0623 16.2827 42.8769 7.64123 12.6157 16.4345 0 0.081606 2.55402 1.2162 0.067447 3.09017 1.47151 0.072756 2.86468 1.36414 0.071378 2.91999 1.39047 1 0.42658 0.263165 0.157668 0.989688 50082 5935 5919 0 2303.8 2308.85 2363 1.0257 1.02345 59.2 54.15 0.693655 0.205714 0.771269 30470
soc-sign-epinions 1.2 1.8834 1.5695 0.147398 0.093914 -0.0534843 0.176757 9.77703 9.91226 49.1364 3.23168 9.87499 20.2973 0 0.091546 1.93212 1.6101 0.082364 2.14752 1.7896 0.079618 2.22158 1.85132 0.07725 2.28968 1.90807 3 0.284414 0.637301 0.836075 0.796015 55521 462 1593 47 1323.3 1797.55 3288 2.4847 1.82916 1964.7 1490.45 0.224695 0.299541 0.428615 12378
webbase-1M 0.7 0.804938 1.14991 1.2389 1.07739 -0.161512 0.0154076 6.26543 6.11404 79.1639 1.70755 4.27608 3.83176 0 1.06547 0.813945 1.16278 0.997963 0.869001 1.24143 1.04643 0.828754 1.18393 1.0345 0.838306 1.19758 3 0.454055 0.72884 1 0.993044 918775 2044 8331 0 11417.3 12458.4 12654 1.10832 1.0157 1236.7 195.6 0.239108 0.226193 0.513878 43957
xenon2 5.6 2.97386 0.531047 0.0418114 0.078734 0.0369226 0.210836 18.4672 17.5845 38.8917 9.8674 14.8843 14.7141 0 0.077742 3.01181 0.537823 0.063202 3.70469 0.661552 0.070046 3.34272 0.596914 0.069054 3.39074 0.605489 1 0.43293 0.225538 0.114289 0.993166 44466 4920 4734 0 2376.4 2383.25 2420 1.01835 1.01542 43.6 36.75 0.733377 0.177964 0.804723 27036
