# SparsePIM structural residual feature analysis
model_variant: bv4_setup_bounded_offload_aware_movement
source_results: Guided_kmeans_result/spmv_guided_kmeans_draf_bga_bv4_structural_results.txt
residual_definition: log(model_speedup) - log(target_speedup)
notes: correlations are diagnostic only; model equations do not fit to targets
columns: matrix residual_log model_speedup target_speedup mean_nnz_per_col row_nnz_gini col_nnz_gini single_nnz_column_ratio low_nnz_column_ratio draf_memory_expansion critical_padding_ratio exposure_factor bga_reduction_ratio bga_row_reuse_factor bga_unique_row_ratio bga_duplicate_partial_ratio bga_near_duplicate_partial_ratio bga_far_duplicate_partial_ratio bga_near_duplicate_share accumulator_flush_estimate bga_capacity_pressure bga_stream_capacity_flushes bga_critical_flushes bga_reuse_aware_accumulate_cycle draf_access_share draf_bga_window_occupancy draf_bga_contention_score draf_vs_coo_memory_ratio draf_exposed_memory_saving_factor phase_class_code bga_bound_score draf_access_bound_score padding_sync_bound_score percentile_tail_exposure_factor tail_skew_max_over_p90 tail_skew_max_over_p95 p90_to_max_tail_steps p95_to_max_tail_steps shared_bga_overlap_cycle shared_draf_overlap_cycle draf_step_tail_saved_cycle
ASIC_100k -0.186489 1.16182 1.4 9.4687 0.338269 0.338269 0.000754983 0.98638 1.92703 0.924346 0.739318 0 2.30504 0.433833 0.566167 0.481001 0.0851661 0.849574 8190 22.6719 1451 5838 17374 0 0 0 0.885407 0 0 0 0 0 1 3.03663 2.76169 1979.2 1882.45 0 0 0
Stanford -0.114451 1.15941 1.3 8.20317 0.775986 0.534566 0.101636 0.861606 2.33052 1.32951 0.638798 0 3.94882 0.25324 0.74676 0.468619 0.27814 0.627537 27016 9.67188 619 2484 5040 0 0 0 0.966105 0 0 0 0 0 1 1.3471 1.21296 1126 767.25 0 0 0
bcsstk32 -0.196668 1.64293 2 45.1636 0.174199 0.174199 0 0.0167679 1.19077 0.18964 0.026496 0 16.5288 0.0605003 0.9395 0.882928 0.0565722 0.939785 9899 3.60938 231 2097 2450 0 0 0 0.738153 0 0 0 0 0 1 1.03174 1.02058 38.3 25.1 0 0 0
cant -0.0118628 2.17406 2.2 64.1684 0.111077 0.111077 0.00389105 0.00389105 1.12319 0.122424 0.0138463 0 23.3283 0.0428664 0.957134 0.837773 0.119361 0.875294 51097 13.4062 858 4186 5682 0 0 0 0.724638 0 0 0 0 0 1 1.02276 1.01785 52.2 41.15 0 0 0
consph -0.0421994 2.20496 2.3 72.1252 0.10222 0.10222 0.0438596 0.0438596 1.17991 0.179476 0.0421634 0 23.0524 0.0433794 0.956621 0.846119 0.110501 0.884488 88976 24.1562 1546 6275 9617 0 0 0 0.735982 0 0 0 0 0 1 1.02449 1.01233 88.6 45.15 0 0 0
crankseg_2 -0.0492666 2.85578 3 221.637 0.229077 0.229077 0 0 1.0372 0.0370375 0.00637508 0 51.4229 0.0194466 0.980553 0.813978 0.166575 0.830121 221021 59.3438 3798 15195 23034 0 0 0 0.707441 0 0 0 0 0 1 1.04238 1.03268 322.6 251.1 0 0 0
ct20stif 0.0228461 2.14853 2.1 49.6913 0.180374 0.180374 0 0.018097 1.16234 0.161431 0.0250086 0 17.1437 0.0583303 0.94167 0.868508 0.0731617 0.922306 18697 6.64062 425 2670 3225 0 0 0 0.732468 0 0 0 0 0 1 1.02919 1.01406 44.3 21.65 0 0 0
lhr71 -0.195042 1.48104 1.8 21.2507 0.596627 0.381493 0.135981 0.41147 1.62939 0.62756 0.297896 0 10.3729 0.0964052 0.903595 0.840064 0.0635312 0.929691 5933 2.20312 141 1571 1724 0 0 0 0.825878 0 0 0 0 0 1 1.06719 1.0595 83.3 74.3 0 0 0
ohne2 -0.0122225 3.16113 3.2 37.8837 0.318983 0.194149 0 0.00206239 1.22125 0.220906 0.0208713 0 14.7921 0.0676037 0.932396 0.670983 0.261413 0.719633 80822 22.2969 1427 7323 10417 0 0 0 0.74425 0 0 0 0 0 1 1.04139 1.03416 177.6 147.6 0 0 0
pdb1HYS -0.0338006 5.22053 5.4 119.306 0.150686 0.150686 0 0 1.06368 0.0632455 0.00726426 0 33.6647 0.0297047 0.970295 0.908608 0.0616871 0.936424 66521 17.375 1112 4561 6852 0 0 0 0.712737 0 0 0 0 0 1 1.03426 1.02188 80.3 51.9 0 0 0
pwtk 0.0324492 3.71873 3.6 52.8843 0.0278782 0.0278782 0 0.00223479 1.18146 0.181223 0.0164449 0 22.2882 0.0448669 0.955133 0.907542 0.047591 0.950173 45285 17.375 1112 11786 11636 0 0 0 0.736291 0 0 0 0 0 1 1.02749 1.01964 185.8 133.75 0 0 0
rma10 0.00766246 2.31769 2.3 49.7297 0.302865 0.30285 0 0.0224618 1.12977 0.128749 0.0257888 0 19.6568 0.050873 0.949127 0.872325 0.076802 0.919081 23184 9.32812 597 2501 3736 0 0 0 0.725953 0 0 0 0 0 1 1.01245 1.00794 17 10.9 0 0 0
shipsec1 -0.0653315 1.96719 2.1 25.3288 0.232045 0.232045 0 0.177584 1.29403 0.293237 0.130227 0 9.93724 0.100632 0.899368 0.693655 0.205714 0.771269 30470 9.14062 585 3664 5118 0 0 0 0.758805 0 0 0 0 0 1 1.0257 1.02345 59.2 54.15 0 0 0
soc-sign-epinions -0.11376 1.07097 1.2 6.38235 0.856811 0.870528 0.468233 0.900923 2.28733 1.28374 0.720587 0 2.10188 0.475765 0.524235 0.224695 0.299541 0.428615 12378 3.51562 225 903 2087 0 0 0 0.957466 0 0 0 0 0 1 2.4847 1.82916 1964.7 1490.45 0 0 0
webbase-1M -0.111034 0.626436 0.7 3.10552 0.345481 0.659218 0.919394 0.968395 5.66669 4.66594 0.896798 0 1.87021 0.5347 0.4653 0.239108 0.226193 0.513878 43957 15.6719 1003 4516 10893 0 0 0 1.63334 0 0 0 0 0 1 1.10832 1.0157 1236.7 195.6 0 0 0
xenon2 -0.115108 4.99111 5.6 24.556 0.0752165 0.0752165 0.000342936 0.103109 1.23673 0.236084 0.0808523 0 11.2791 0.0886596 0.91134 0.733377 0.177964 0.804723 27036 9.04688 579 3901 5675 0 0 0 0.747347 0 0 0 0 0 1 1.01835 1.01542 43.6 36.75 0 0 0

# Pearson correlation with residual_log
columns: feature pearson_r
mean_nnz_per_col 0.364786
row_nnz_gini -0.446114
col_nnz_gini -0.413575
single_nnz_column_ratio -0.253309
low_nnz_column_ratio -0.582597
draf_memory_expansion -0.314999
critical_padding_ratio -0.314597
exposure_factor -0.551252
bga_reduction_ratio 0
bga_row_reuse_factor 0.479863
bga_unique_row_ratio -0.479168
bga_duplicate_partial_ratio 0.479168
bga_near_duplicate_partial_ratio 0.39703
bga_far_duplicate_partial_ratio -0.0921014
bga_near_duplicate_share 0.218405
accumulator_flush_estimate 0.344277
bga_capacity_pressure 0.239593
bga_stream_capacity_flushes 0.239593
bga_critical_flushes 0.380812
bga_reuse_aware_accumulate_cycle 0.0987171
draf_access_share 0
draf_bga_window_occupancy 0
draf_bga_contention_score 0
draf_vs_coo_memory_ratio -0.314999
draf_exposed_memory_saving_factor 0
phase_class_code 0
bga_bound_score 0
draf_access_bound_score 0
padding_sync_bound_score 0
percentile_tail_exposure_factor 0
tail_skew_max_over_p90 -0.448169
tail_skew_max_over_p95 -0.45364
p90_to_max_tail_steps -0.445758
p95_to_max_tail_steps -0.438844
shared_bga_overlap_cycle 0
shared_draf_overlap_cycle 0
draf_step_tail_saved_cycle 0
