# SparsePIM DRAF+BGA structural model results
model_variant: bv3_fragmented_runtime_movement
latency_scope: setup + DRAF access + padding model + BGA + result readback
columns: matrix gpu_ms target_speedup target_pim_ms model_ms model_speedup speedup_error_ratio total_cycle setup_cycle draf_row_fetch_cycle draf_compute_trigger_cycle padding_cycle bga_accumulate_cycle bga_output_readback_cycle final_reduce_cycle draf_padding_ratio draf_memory_expansion critical_padding critical_padding_ratio bg_imbalance total_padding_steps hidden_padding_steps fragmentation memory_pressure imbalance_pressure exposure_factor exposed_hidden_padding effective_padding_steps bga_raw_accumulate_cycle bga_hidden_accumulate_cycle bga_regularity_score bga_reuse_score bga_padding_guard bga_overlap_factor draf_stream_hidden_cycle draf_stream_regularity_score draf_stream_guard_score draf_access_share draf_stream_overlap_factor draf_bga_window_occupancy draf_bga_contention_score draf_stream_budget_factor row_nnz_gini col_nnz_gini mean_nnz_per_col bga_row_reuse_factor bga_unique_row_ratio bga_duplicate_partial_ratio bga_near_duplicate_partial_ratio bga_far_duplicate_partial_ratio bga_near_duplicate_share accumulator_flush_estimate bga_capacity_pressure bga_stream_capacity_flushes bga_critical_flushes bga_reuse_aware_accumulate_cycle draf_memory_saved_cycle draf_coo_bytes_per_nnz draf_bytes_per_nnz draf_vs_coo_memory_ratio draf_memory_saving_factor draf_exposed_memory_saving_factor conservative_bga_floor_cycle memory_budgeted_stream_hidden_cycle draf_memory_padding_saved_cycle draf_memory_long_stream_score conservative_bga_floor_factor stream_memory_budget_factor phase_class_code bga_bound_score draf_access_bound_score padding_sync_bound_score percentile_tail_exposure_factor group_steps_p90 group_steps_p95 group_steps_max tail_skew_max_over_p90 tail_skew_max_over_p95 p90_to_max_tail_steps p95_to_max_tail_steps shared_overlap_window_cycle shared_bga_overlap_cycle shared_draf_overlap_cycle draf_step_tail_saved_cycle v14_draf_serial_exposure v14_draf_path_cycle v14_regular_false_positive_score v14_fragmented_pressure v14_tail_flat_low_padding_guard v14_saving_budget_cycle v14_saving_demand_cycle v14_bounded_bga_hidden_cycle v14_bounded_draf_hidden_cycle v14_bounded_memory_saved_cycle v14_bounded_padding_saved_cycle v14_bounded_tail_saved_cycle v14_budget_saturation v15_soft_alpha v15_true_high_speedup_candidate_score v15_regular_false_positive_score v15_graph_like_penalty_score v15_saving_budget_cycle v15_saving_demand_cycle v15_effective_saving_cycle v15_protected_bga_hidden_cycle v15_final_bounded_bga_hidden_cycle v15_budget_saturation_ratio v16_soft_alpha v16_true_high_speedup_candidate_score v16_regular_false_positive_score v16_graph_like_penalty_score v16_saving_budget_cycle v16_saving_demand_cycle v16_effective_saving_cycle v16_protected_bga_hidden_cycle v16_final_bounded_bga_hidden_cycle v16_budget_saturation_ratio v17_soft_alpha v17_true_high_speedup_candidate_score v17_regular_false_positive_score v17_graph_like_penalty_score v17_regular_leakage_score v17_high_confidence_protection_score v17_regular_soft_alpha_cap v17_saving_budget_cycle v17_saving_demand_cycle v17_effective_saving_cycle v17_protected_bga_hidden_cycle v17_final_bounded_bga_hidden_cycle v17_budget_saturation_ratio v17_1_soft_alpha v17_1_true_high_speedup_candidate_score v17_1_regular_false_positive_score v17_1_graph_like_penalty_score v17_1_regular_leakage_score v17_1_high_confidence_protection_score v17_1_regular_soft_alpha_cap v17_1_saving_budget_cycle v17_1_saving_demand_cycle v17_1_effective_saving_cycle v17_1_protected_bga_hidden_cycle v17_1_final_bounded_bga_hidden_cycle v17_1_budget_saturation_ratio v18_soft_alpha v18_true_high_speedup_candidate_score v18_regular_false_positive_score v18_graph_like_penalty_score v18_regular_leakage_score v18_high_confidence_protection_score v18_regular_soft_alpha_cap v18_graph_sync_gate v18_graph_tail_gate v18_graph_sync_exposure_cycle v18_saving_budget_cycle v18_saving_demand_cycle v18_effective_saving_cycle v18_protected_bga_hidden_cycle v18_final_bounded_bga_hidden_cycle v18_budget_saturation_ratio
ASIC_100k 1.26449 1.4 0.903204 1.08837 1.16182 0.829868 1088371 348848 8277 66903 54499 35030 33872 19296 0.923852 1.92703 27170.6 0.924346 3.33888 54312.2 27141.6 0.98638 0.231758 0.779628 0.739318 20066.3 47236.9 35030 0 0 0 0 0 0 0 0 0 0 0 0 1 0.338269 0.338269 9.4687 2.30504 0.433833 0.566167 0.481001 0.0851661 0.849574 8190 22.6719 1451 5838 17374 0 10 8.85407 0.885407 0.114593 0 0 0 0 0 0 1 0 0 0 0 1 971.8 1068.55 2951 3.03663 2.76169 1979.2 1882.45 0 0 0 0 0 0 0 0 0 0 0 0 0 0 0 0 0 0 0 0 0 0 0 0 0 0 0 0 0 0 0 0 0 0 0 0 0 0 0 0 0 0 0 0 0 0 0 0 0 0 0 0 0 0 0 0 0 0 0 0 0 0 0 0 0 0 0 0 0 0 0 0 0 0 0 0 0 0 0
Stanford 3.31146 1.3 2.54727 2.85615 1.15941 0.891856 2856149 859826 20267 164338 192301 14905 17104 20252 1.32929 2.33052 96077.5 1.32951 1.66137 192124 96046.5 0.861606 0.332631 0.220457 0.638798 61354.3 157432 14905 0 0 0 0 0 0 0 0 0 0 0 0 1 0.775986 0.534566 8.20317 3.94882 0.25324 0.74676 0.468619 0.27814 0.627537 27016 9.67188 619 2484 5040 0 10 9.66105 0.966105 0.0338954 0 0 0 0 0 0 1 0 0 0 0 1 3244 3602.75 4370 1.3471 1.21296 1126 767.25 0 0 0 0 0 0 0 0 0 0 0 0 0 0 0 0 0 0 0 0 0 0 0 0 0 0 0 0 0 0 0 0 0 0 0 0 0 0 0 0 0 0 0 0 0 0 0 0 0 0 0 0 0 0 0 0 0 0 0 0 0 0 0 0 0 0 0 0 0 0 0 0 0 0 0 0 0 0 0
bcsstk32 1.1594 2 0.5797 0.705692 1.64293 0.821463 705692 432656 7391 133147 24021 12584 3849 4831 0.189409 1.19077 11939.6 0.18964 1.06383 23850.2 11910.6 0.0167679 0.0476918 0.0212775 0.026496 315.584 12255.2 12584 0 0 0 0 0 0 0 0 0 0 0 0 1 0.174199 0.174199 45.1636 16.5288 0.0605003 0.9395 0.882928 0.0565722 0.939785 9899 3.60938 231 2097 2450 0 10 7.38153 0.738153 0.261847 0 0 0 0 0 0 1 0 0 0 0 1 1206.7 1219.9 1245 1.03174 1.02058 38.3 25.1 0 0 0 0 0 0 0 0 0 0 0 0 0 0 0 0 0 0 0 0 0 0 0 0 0 0 0 0 0 0 0 0 0 0 0 0 0 0 0 0 0 0 0 0 0 0 0 0 0 0 0 0 0 0 0 0 0 0 0 0 0 0 0 0 0 0 0 0 0 0 0 0 0 0 0 0 0 0 0
cant 2.38877 2.2 1.0858 1.09876 2.17406 0.988207 1098761 732842 14056 263810 30854 25118 4942 6834 0.122305 1.12319 15331.3 0.122424 1.06817 30632.6 15301.3 0.00389105 0.0307977 0.0227231 0.0138463 211.865 15543.1 25118 0 0 0 0 0 0 0 0 0 0 0 0 1 0.111077 0.111077 64.1684 23.3283 0.0428664 0.957134 0.837773 0.119361 0.875294 51097 13.4062 858 4186 5682 0 10 7.24638 0.724638 0.275362 0 0 0 0 0 0 1 0 0 0 0 1 2293.8 2304.85 2346 1.02276 1.01785 52.2 41.15 0 0 0 0 0 0 0 0 0 0 0 0 0 0 0 0 0 0 0 0 0 0 0 0 0 0 0 0 0 0 0 0 0 0 0 0 0 0 0 0 0 0 0 0 0 0 0 0 0 0 0 0 0 0 0 0 0 0 0 0 0 0 0 0 0 0 0 0 0 0 0 0 0 0 0 0 0 0 0
consph 3.70547 2.3 1.61107 1.68052 2.20496 0.958679 1680516 1102996 22221 396953 67585 37652 8414 11088 0.179377 1.17991 33710.5 0.179476 1.07062 67384 33673.5 0.0438596 0.0449781 0.0235415 0.0421634 1419.79 35130.3 37652 0 0 0 0 0 0 0 0 0 0 0 0 1 0.10222 0.10222 72.1252 23.0524 0.0433794 0.956621 0.846119 0.110501 0.884488 88976 24.1562 1546 6275 9617 0 10 7.35982 0.735982 0.264018 0 0 0 0 0 0 1 0 0 0 0 1 3617.4 3660.85 3706 1.02449 1.01233 88.6 45.15 0 0 0 0 0 0 0 0 0 0 0 0 0 0 0 0 0 0 0 0 0 0 0 0 0 0 0 0 0 0 0 0 0 0 0 0 0 0 0 0 0 0 0 0 0 0 0 0 0 0 0 0 0 0 0 0 0 0 0 0 0 0 0 0 0 0 0 0 0 0 0 0 0 0 0 0 0 0 0
crankseg_2 9.80773 3 3.26924 3.43434 2.85578 0.951927 3434340 2186384 45983 928817 32899 91172 9562 13207 0.0370013 1.0372 16376.2 0.0370375 1.10754 32720.4 16344.2 0 0.00930093 0.035848 0.00637508 104.196 16480.4 91172 0 0 0 0 0 0 0 0 0 0 0 0 1 0.229077 0.229077 221.637 51.4229 0.0194466 0.980553 0.813978 0.166575 0.830121 221021 59.3438 3798 15195 23034 0 10 7.07441 0.707441 0.292559 0 0 0 0 0 0 1 0 0 0 0 1 7612.4 7683.9 7935 1.04238 1.03268 322.6 251.1 0 0 0 0 0 0 0 0 0 0 0 0 0 0 0 0 0 0 0 0 0 0 0 0 0 0 0 0 0 0 0 0 0 0 0 0 0 0 0 0 0 0 0 0 0 0 0 0 0 0 0 0 0 0 0 0 0 0 0 0 0 0 0 0 0 0 0 0 0 0 0 0 0 0 0 0 0 0 0
ct20stif 1.67309 2.1 0.796711 0.778716 2.14853 1.02311 778716 521706 9102 171782 26383 16021 6032 6210 0.161271 1.16234 13117.8 0.161431 1.05924 26209.6 13091.8 0.018097 0.0405855 0.019747 0.0250086 327.407 13445.2 16021 0 0 0 0 0 0 0 0 0 0 0 0 1 0.180374 0.180374 49.6913 17.1437 0.0583303 0.94167 0.868508 0.0731617 0.922306 18697 6.64062 425 2670 3225 0 10 7.32468 0.732468 0.267532 0 0 0 0 0 0 1 0 0 0 0 1 1517.7 1540.35 1562 1.02919 1.01406 44.3 21.65 0 0 0 0 0 0 0 0 0 0 0 0 0 0 0 0 0 0 0 0 0 0 0 0 0 0 0 0 0 0 0 0 0 0 0 0 0 0 0 0 0 0 0 0 0 0 0 0 0 0 0 0 0 0 0 0 0 0 0 0 0 0 0 0 0 0 0 0 0 0 0 0 0 0 0 0 0 0 0
lhr71 1.90591 1.8 1.05884 1.28687 1.48104 0.8228 1286873 437644 7539 100714 58769 9428 4036 4608 0.627281 1.62939 29299.3 0.62756 1.1143 58572.6 29273.3 0.41147 0.157348 0.0380986 0.297896 8720.41 38019.7 9428 0 0 0 0 0 0 0 0 0 0 0 0 1 0.596627 0.381493 21.2507 10.3729 0.0964052 0.903595 0.840064 0.0635312 0.929691 5933 2.20312 141 1571 1724 0 10 8.25878 0.825878 0.174122 0 0 0 0 0 0 1 0 0 0 0 1 1239.7 1248.7 1323 1.06719 1.0595 83.3 74.3 0 0 0 0 0 0 0 0 0 0 0 0 0 0 0 0 0 0 0 0 0 0 0 0 0 0 0 0 0 0 0 0 0 0 0 0 0 0 0 0 0 0 0 0 0 0 0 0 0 0 0 0 0 0 0 0 0 0 0 0 0 0 0 0 0 0 0 0 0 0 0 0 0 0 0 0 0 0 0
ohne2 18.2478 3.2 5.70245 2.90292 6.28602 1.96438 2902922 1288470 26008 454467 94998 43940 14328 17694 0.220822 1.22125 47425.4 0.220906 1.0912 94814.8 47389.4 0.00206239 0.0553128 0.0304006 0.0208713 989.08 48414.5 43940 0 0 0 0 0 0 0 0 0 0 0 0 1 0.318983 0.194149 37.8837 14.7921 0.0676037 0.932396 0.670983 0.261413 0.719633 80822 22.2969 1427 7323 10417 0 10 7.4425 0.74425 0.25575 0 0 0 0 0 0 1 0 0 0 0 1 4291.4 4321.4 4469 1.04139 1.03416 177.6 147.6 0 0 0 0 0 0 0 0 0 0 0 0 0 0 0 0 0 0 0 0 0 0 0 0 0 0 0 0 0 0 0 0 0 0 0 0 0 0 0 0 0 0 0 0 0 0 0 0 0 0 0 0 0 0 0 0 0 0 0 0 0 0 0 0 0 0 0 0 0 0 0 0 0 0 0 0 0 0 0
pdb1HYS 5.9079 5.4 1.09406 1.13167 5.22053 0.966764 1131667 750170 14199 285052 17293 27367 4905 5791 0.0631019 1.06368 8587.09 0.0632455 1.07464 17135.2 8548.09 0 0.0159209 0.0248798 0.00726426 62.0956 8649.19 27367 0 0 0 0 0 0 0 0 0 0 0 0 1 0.150686 0.150686 119.306 33.6647 0.0297047 0.970295 0.908608 0.0616871 0.936424 66521 17.375 1112 4561 6852 0 10 7.12737 0.712737 0.287263 0 0 0 0 0 0 1 0 0 0 0 1 2343.7 2372.1 2424 1.03426 1.02188 80.3 51.9 0 0 0 0 0 0 0 0 0 0 0 0 0 0 0 0 0 0 0 0 0 0 0 0 0 0 0 0 0 0 0 0 0 0 0 0 0 0 0 0 0 0 0 0 0 0 0 0 0 0 0 0 0 0 0 0 0 0 0 0 0 0 0 0 0 0 0 0 0 0 0 0 0 0 0 0 0 0 0
pwtk 11.5201 3.6 3.20004 3.09787 3.71873 1.03298 3097867 2034976 41256 760163 130699 70717 17443 18697 0.181186 1.18146 65265.5 0.181223 1.04484 130504 65238.5 0.00223479 0.0453641 0.0149474 0.0164449 1072.84 66338.3 70717 0 0 0 0 0 0 0 0 0 0 0 0 1 0.0278782 0.0278782 52.8843 22.2882 0.0448669 0.955133 0.907542 0.047591 0.950173 45285 17.375 1112 11786 11636 0 10 7.36291 0.736291 0.263709 0 0 0 0 0 0 1 0 0 0 0 1 6759.2 6811.25 6945 1.02749 1.01964 185.8 133.75 0 0 0 0 0 0 0 0 0 0 0 0 0 0 0 0 0 0 0 0 0 0 0 0 0 0 0 0 0 0 0 0 0 0 0 0 0 0 0 0 0 0 0 0 0 0 0 0 0 0 0 0 0 0 0 0 0 0 0 0 0 0 0 0 0 0 0 0 0 0 0 0 0 0 0 0 0 0 0
rma10 2.68239 2.3 1.16626 0.701057 3.82621 1.66357 701057 465810 8172 153525 18889 15008 5556 4479 0.128488 1.12977 9370.88 0.128749 1.07738 18703.8 9332.88 0.0224618 0.0324414 0.0257927 0.0257888 240.684 9611.56 15008 0 0 0 0 0 0 0 0 0 0 0 0 1 0.302865 0.30285 49.7297 19.6568 0.050873 0.949127 0.872325 0.076802 0.919081 23184 9.32812 597 2501 3736 0 10 7.25953 0.725953 0.274047 0 0 0 0 0 0 1 0 0 0 0 1 1366 1372.1 1383 1.01245 1.00794 17 10.9 0 0 0 0 0 0 0 0 0 0 0 0 0 0 0 0 0 0 0 0 0 0 0 0 0 0 0 0 0 0 0 0 0 0 0 0 0 0 0 0 0 0 0 0 0 0 0 0 0 0 0 0 0 0 0 0 0 0 0 0 0 0 0 0 0 0 0 0 0 0 0 0 0 0 0 0 0 0 0
shipsec1 4.43507 2.1 2.11194 2.25452 1.96719 0.936757 2254521 749460 14159 236523 65571 21985 10469 13638 0.293053 1.29403 32697.5 0.293237 1.04874 65354 32656.5 0.177584 0.0735065 0.0162479 0.130227 4252.77 36950.3 21985 0 0 0 0 0 0 0 0 0 0 0 0 1 0.232045 0.232045 25.3288 9.93724 0.100632 0.899368 0.693655 0.205714 0.771269 30470 9.14062 585 3664 5118 0 10 7.58805 0.758805 0.241195 0 0 0 0 0 0 1 0 0 0 0 1 2303.8 2308.85 2363 1.0257 1.02345 59.2 54.15 0 0 0 0 0 0 0 0 0 0 0 0 0 0 0 0 0 0 0 0 0 0 0 0 0 0 0 0 0 0 0 0 0 0 0 0 0 0 0 0 0 0 0 0 0 0 0 0 0 0 0 0 0 0 0 0 0 0 0 0 0 0 0 0 0 0 0 0 0 0 0 0 0 0 0 0 0 0 0
soc-sign-epinions 1.18793 1.2 0.989943 1.10922 1.07097 0.892472 1109215 364768 9182 61895 67695 5420 9274 19062 1.28317 2.28733 33753.1 1.28374 3.50451 67476.2 33723.1 0.900923 0.321833 0.834838 0.720587 24300.5 58053.6 5420 0 0 0 0 0 0 0 0 0 0 0 0 1 0.856811 0.870528 6.38235 2.10188 0.475765 0.524235 0.224695 0.299541 0.428615 12378 3.51562 225 903 2087 0 10 9.57466 0.957466 0.0425339 0 0 0 0 0 0 1 0 0 0 0 1 1323.3 1797.55 3288 2.4847 1.82916 1964.7 1490.45 0 0 0 0 0 0 0 0 0 0 0 0 0 0 0 0 0 0 0 0 0 0 0 0 0 0 0 0 0 0 0 0 0 0 0 0 0 0 0 0 0 0 0 0 0 0 0 0 0 0 0 0 0 0 0 0 0 0 0 0 0 0 0 0 0 0 0 0 0 0 0 0 0 0 0 0 0 0 0
webbase-1M 5.8872 0.7 8.41028 9.39793 0.626436 0.894908 9397931 2603932 67503 259968 905786 27098 46070 41283 4.66576 5.66669 452820 4.66594 1.47282 905605 452785 0.968395 1 0.157606 0.896798 406057 858877 27098 0 0 0 0 0 0 0 0 0 0 0 0 1 0.345481 0.659218 3.10552 1.87021 0.5347 0.4653 0.239108 0.226193 0.513878 43957 15.6719 1003 4516 10893 0 10 16.3334 1.63334 0 0 0 0 0 0 0 1 0 0 0 0 1 11417.3 12458.4 12654 1.10832 1.0157 1236.7 195.6 0 0 0 0 0 0 0 0 0 0 0 0 0 0 0 0 0 0 0 0 0 0 0 0 0 0 0 0 0 0 0 0 0 0 0 0 0 0 0 0 0 0 0 0 0 0 0 0 0 0 0 0 0 0 0 0 0 0 0 0 0 0 0 0 0 0 0 0 0 0 0 0 0 0 0 0 0 0 0
xenon2 11.6799 5.6 2.0857 2.34015 4.99111 0.89127 2340145 773056 14540 255513 57211 23408 11719 11585 0.23596 1.23673 28527 0.236084 1.03695 57024 28497 0.103109 0.0591835 0.0123169 0.0808523 2304.05 30831 23408 0 0 0 0 0 0 0 0 0 0 0 0 1 0.0752165 0.0752165 24.556 11.2791 0.0886596 0.91134 0.733377 0.177964 0.804723 27036 9.04688 579 3901 5675 0 10 7.47347 0.747347 0.252653 0 0 0 0 0 0 1 0 0 0 0 1 2376.4 2383.25 2420 1.01835 1.01542 43.6 36.75 0 0 0 0 0 0 0 0 0 0 0 0 0 0 0 0 0 0 0 0 0 0 0 0 0 0 0 0 0 0 0 0 0 0 0 0 0 0 0 0 0 0 0 0 0 0 0 0 0 0 0 0 0 0 0 0 0 0 0 0 0 0 0 0 0 0 0 0 0 0 0 0 0 0 0 0 0 0 0
gmean_target_speedup: 2.19727
gmean_model_speedup: 2.19788
gmean_speedup_error_ratio: 1.00028
