# SparsePIM DRAF+BGA structural model results
model_variant: v11_conservative_overlap_reuse
latency_scope: setup + DRAF access + padding model + BGA + result readback
columns: matrix gpu_ms target_speedup target_pim_ms model_ms model_speedup speedup_error_ratio total_cycle setup_cycle draf_row_fetch_cycle draf_compute_trigger_cycle padding_cycle bga_accumulate_cycle bga_output_readback_cycle final_reduce_cycle draf_padding_ratio draf_memory_expansion critical_padding critical_padding_ratio bg_imbalance total_padding_steps hidden_padding_steps fragmentation memory_pressure imbalance_pressure exposure_factor exposed_hidden_padding effective_padding_steps bga_raw_accumulate_cycle bga_hidden_accumulate_cycle bga_regularity_score bga_reuse_score bga_padding_guard bga_overlap_factor draf_stream_hidden_cycle draf_stream_regularity_score draf_stream_guard_score draf_access_share draf_stream_overlap_factor draf_bga_window_occupancy draf_bga_contention_score draf_stream_budget_factor row_nnz_gini col_nnz_gini mean_nnz_per_col bga_row_reuse_factor bga_unique_row_ratio bga_duplicate_partial_ratio bga_capacity_pressure bga_stream_capacity_flushes bga_critical_flushes bga_reuse_aware_accumulate_cycle draf_memory_saved_cycle draf_coo_bytes_per_nnz draf_bytes_per_nnz draf_vs_coo_memory_ratio draf_memory_saving_factor draf_exposed_memory_saving_factor conservative_bga_floor_cycle memory_budgeted_stream_hidden_cycle
ASIC_100k 0.138408 1.4 0.0988629 0.131701 1.05093 0.750661 131701 166 8277 8114 47237 15686 33872 19296 0.923852 1.92703 27170.6 0.924346 3.33888 54312.2 27141.6 0.98638 0.231758 0.779628 0.739318 20066.3 47236.9 17515 1829 0.0136199 0.566167 0.260682 0.104444 1029 0.0136199 0.260682 0.12347 0.127179 0.0330437 0.0034512 0.998274 0.338269 0.338269 9.4687 2.30504 0.433833 0.566167 22.6719 1451 1451 17515 25 10 8.85407 0.885407 0.114593 0.00156075 17515 1027
Stanford 0.350585 1.3 0.269681 0.237886 1.47375 1.13366 237886 166 20267 19806 157432 6254 17104 20252 1.32929 2.33052 96077.5 1.32951 1.66137 192124 96046.5 0.861606 0.332631 0.220457 0.638798 61354.3 157432 7453 1199 0.138394 0.74676 0.361202 0.160997 3329 0.138394 0.361202 0.166012 0.168194 0.00676491 0.00108913 0.999455 0.775986 0.534566 8.20317 3.94882 0.25324 0.74676 9.67188 619 619 7453 187 10 9.66105 0.966105 0.0338954 0.00469093 7453 3313
bcsstk32 0.099581 2 0.0497905 0.028702 3.46948 1.73474 28702 166 7391 7228 12256 475 3849 4831 0.189409 1.19077 11939.6 0.18964 1.06383 23850.2 11910.6 0.0167679 0.0476918 0.0212775 0.026496 315.584 12255.2 6292 5817 0.952308 0.9395 0.973504 0.924653 5167 0.952308 0.973504 0.402716 0.829496 0.298553 0.276058 0.861971 0.174199 0.174199 45.1636 16.5288 0.0605003 0.9395 3.60938 231 231 6292 3763 10 7.38153 0.738153 0.261847 0.257456 6292 3836
cant 0.129579 2.2 0.0588995 0.041336 3.13477 1.4249 41336 166 14056 13348 15544 606 4942 6834 0.122305 1.12319 15331.3 0.122424 1.06817 30632.6 15301.3 0.00389105 0.0307977 0.0227231 0.0138463 211.865 15543.1 12559 11953 0.969202 0.957134 0.986154 0.951766 9300 0.969202 0.986154 0.492869 0.867621 0.413713 0.393758 0.803121 0.111077 0.111077 64.1684 23.3283 0.0428664 0.957134 13.4062 858 858 12559 7516 10 7.24638 0.724638 0.275362 0.27429 12559 6749
consph 0.170734 2.3 0.0742322 0.0776 2.20018 0.9566 77600 166 22221 21298 35131 1451 8414 11088 0.179377 1.17991 33710.5 0.179476 1.07062 67384 33673.5 0.0438596 0.0449781 0.0235415 0.0421634 1419.79 35130.3 18826 17375 0.955022 0.956621 0.957837 0.922931 15118 0.955022 0.957837 0.435687 0.827466 0.307909 0.284179 0.857911 0.10222 0.10222 72.1252 23.0524 0.0433794 0.956621 24.1562 1546 1546 18826 10985 10 7.35982 0.735982 0.264018 0.252438 18826 11301
crankseg_2 0.222282 3 0.074094 0.085699 2.59375 0.864584 85699 166 45983 44513 16481 818 9562 13207 0.0370013 1.0372 16376.2 0.0370375 1.10754 32720.4 16344.2 0 0.00930093 0.035848 0.00637508 104.196 16480.4 45586 44768 0.990699 0.980553 0.993625 0.98206 26402 0.990699 0.993625 0.691596 0.927387 0.733974 0.720806 0.639597 0.229077 0.229077 221.637 51.4229 0.0194466 0.980553 59.3438 3798 3798 45586 26475 10 7.07441 0.707441 0.292559 0.292559 45586 18677
ct20stif 0.106881 2.1 0.0508957 0.03529 3.02865 1.44221 35290 166 9102 9263 13446 543 6032 6210 0.161271 1.16234 13117.8 0.161431 1.05924 26209.6 13091.8 0.018097 0.0405855 0.019747 0.0250086 327.407 13445.2 8011 7468 0.959415 0.94167 0.974991 0.932288 6447 0.959415 0.974991 0.409321 0.836659 0.328856 0.306589 0.846706 0.180374 0.180374 49.6913 17.1437 0.0583303 0.94167 6.64062 425 425 8011 4824 10 7.32468 0.732468 0.267532 0.26269 8011 4753
lhr71 0.117986 1.8 0.0655478 0.059781 1.97364 1.09647 59781 166 7539 7338 38020 2322 4036 4608 0.627281 1.62939 29299.3 0.62756 1.1143 58572.6 29273.3 0.41147 0.157348 0.0380986 0.297896 8720.41 38019.7 4714 2392 0.58853 0.903595 0.702104 0.507463 3153 0.58853 0.702104 0.231967 0.43564 0.052736 0.0267616 0.986619 0.596627 0.381493 21.2507 10.3729 0.0964052 0.903595 2.20312 141 141 4714 1524 10 8.25878 0.825878 0.174122 0.102476 4714 2829
ohne2 0.279932 3.2 0.0874787 0.107089 2.61401 0.816879 107089 166 26008 25095 48415 1775 14328 17694 0.220822 1.22125 47425.4 0.220906 1.0912 94814.8 47389.4 0.00206239 0.0553128 0.0304006 0.0208713 989.08 48414.5 21970 20195 0.944687 0.932396 0.979129 0.919229 18066 0.944687 0.979129 0.382548 0.823989 0.274725 0.252535 0.873733 0.318983 0.194149 37.8837 14.7921 0.0676037 0.932396 22.2969 1427 1427 21970 13042 10 7.4425 0.74425 0.25575 0.255222 21970 13455
pdb1HYS 0.103166 5.4 0.0191048 0.033607 3.06978 0.568477 33607 166 14199 13504 8650 375 4905 5791 0.0631019 1.06368 8587.09 0.0632455 1.07464 17135.2 8548.09 0 0.0159209 0.0248798 0.00726426 62.0956 8649.19 13684 13309 0.984079 0.970295 0.992736 0.972612 8602 0.984079 0.992736 0.580837 0.900019 0.600749 0.584296 0.707852 0.150686 0.150686 119.306 33.6647 0.0297047 0.970295 17.375 1112 1112 13684 7958 10 7.12737 0.712737 0.287263 0.287263 13684 6130
pwtk 0.361986 3.6 0.100552 0.143582 2.52111 0.700308 143582 166 41256 39886 66339 2232 17443 18697 0.181186 1.18146 65265.5 0.181223 1.04484 130504 65238.5 0.00223479 0.0453641 0.0149474 0.0164449 1072.84 66338.3 35359 33127 0.954636 0.955133 0.983555 0.936904 28760 0.954636 0.983555 0.435957 0.844447 0.311857 0.29218 0.85391 0.0278782 0.0278782 52.8843 22.2882 0.0448669 0.955133 17.375 1112 1112 35359 21350 10 7.36291 0.736291 0.263709 0.263119 35359 21192
rma10 0.102458 2.3 0.044547 0.028168 3.63739 1.58147 28168 166 8172 7956 9612 443 5556 4479 0.128488 1.12977 9370.88 0.128749 1.07738 18703.8 9332.88 0.0224618 0.0324414 0.0257927 0.0257888 240.684 9611.56 7504 7061 0.967559 0.949127 0.974211 0.941065 5471 0.967559 0.974211 0.441948 0.848214 0.401924 0.378236 0.810882 0.302865 0.30285 49.7297 19.6568 0.050873 0.949127 9.32812 597 597 7504 4320 10 7.25953 0.725953 0.274047 0.267891 7504 4005
shipsec1 0.208423 2.1 0.099249 0.079529 2.62072 1.24796 79529 166 14159 13512 36951 2737 10469 13638 0.293053 1.29403 32697.5 0.293237 1.04874 65354 32656.5 0.177584 0.0735065 0.0162479 0.130227 4252.77 36950.3 10993 8256 0.822416 0.899368 0.869773 0.751085 8383 0.822416 0.869773 0.301634 0.661047 0.163605 0.122881 0.938559 0.232045 0.232045 25.3288 9.93724 0.100632 0.899368 9.14062 585 585 10993 5488 10 7.58805 0.758805 0.241195 0.198362 10993 6720
soc-sign-epinions 0.176878 1.2 0.147398 0.106023 1.6683 1.39025 106023 166 9182 9309 58054 2352 9274 19062 1.28317 2.28733 33753.1 1.28374 3.50451 67476.2 33723.1 0.900923 0.321833 0.834838 0.720587 24300.5 58053.6 2710 358 0.0990768 0.524235 0.279413 0.132192 1410 0.0990768 0.279413 0.172003 0.153779 0.00531449 0.000702532 0.999649 0.856811 0.870528 6.38235 2.10188 0.475765 0.524235 3.51562 225 225 2710 77 10 9.57466 0.957466 0.0425339 0.00421412 2710 1404
webbase-1M 0.867231 0.7 1.2389 1.08388 0.80012 1.14303 1083876 166 67503 65872 858877 12195 46070 41283 4.66576 5.66669 452820 4.66594 1.47282 905605 452785 0.968395 1 0.157606 0.896798 406057 858877 13549 1354 0 0.4653 0.103202 0.1 8195 0 0.103202 0.12213 0.124426 0.00146418 0.000146418 0.999927 0.345481 0.659218 3.10552 1.87021 0.5347 0.4653 15.6719 1003 1003 13549 0 10 16.3334 1.63334 0 0 13549 8195
xenon2 0.234144 5.6 0.0418114 0.071004 3.29762 0.58886 71004 166 14540 13845 30832 1875 11719 11585 0.23596 1.23673 28527 0.236084 1.03695 57024 28497 0.103109 0.0591835 0.0123169 0.0808523 2304.05 30831 11704 9829 0.896891 0.91134 0.919148 0.839837 9350 0.896891 0.919148 0.335255 0.744113 0.220001 0.184765 0.907617 0.0752165 0.0752165 24.556 11.2791 0.0886596 0.91134 9.04688 579 579 11704 6432 10 7.47347 0.747347 0.252653 0.226602 11704 7231
gmean_target_speedup: 2.19727
gmean_model_speedup: 2.26732
gmean_speedup_error_ratio: 1.03188
