# SparsePIM structural residual feature analysis
model_variant: v4_draf_memory_saving_only
source_results: spmv_guided_kmeans_draf_bga_v4_draf_memory_structural_results.txt
residual_definition: log(model_speedup) - log(target_speedup)
notes: correlations are diagnostic only; model equations do not fit to targets
columns: matrix residual_log model_speedup target_speedup mean_nnz_per_col row_nnz_gini col_nnz_gini single_nnz_column_ratio low_nnz_column_ratio draf_memory_expansion critical_padding_ratio exposure_factor bga_reduction_ratio bga_row_reuse_factor bga_unique_row_ratio bga_duplicate_partial_ratio bga_capacity_pressure bga_stream_capacity_flushes bga_critical_flushes bga_reuse_aware_accumulate_cycle draf_access_share draf_bga_window_occupancy draf_bga_contention_score draf_vs_coo_memory_ratio draf_exposed_memory_saving_factor
ASIC_100k -0.289114 1.0485 1.4 9.4687 0.338269 0.338269 0.000754983 0.98638 1.92703 0.924346 0.739318 0.566167 2.30504 0.433833 0.566167 22.6719 1451 5838 17374 0.124145 0 0 0.885407 0.00156075
Stanford 0.358162 1.85991 1.3 8.20317 0.775986 0.534566 0.101636 0.861606 2.33052 1.32951 0.638798 0.74676 3.94882 0.25324 0.74676 9.67188 619 2484 5040 0.212383 0 0 0.966105 0.00469093
bcsstk32 0.11614 2.24631 2 45.1636 0.174199 0.174199 0 0.0167679 1.19077 0.18964 0.026496 0.9395 16.5288 0.0605003 0.9395 3.60938 231 2097 2450 0.303967 0 0 0.738153 0.257456
cant -0.206166 1.79014 2.2 64.1684 0.111077 0.111077 0.00389105 0.00389105 1.12319 0.122424 0.0138463 0.957134 23.3283 0.0428664 0.957134 13.4062 858 4186 5682 0.342974 0 0 0.724638 0.27429
consph -0.510516 1.38043 2.3 72.1252 0.10222 0.10222 0.0438596 0.0438596 1.17991 0.179476 0.0421634 0.956621 23.0524 0.0433794 0.956621 24.1562 1546 6275 9617 0.32316 0 0 0.735982 0.252438
crankseg_2 -0.965745 1.1421 3 221.637 0.229077 0.229077 0 0 1.0372 0.0370375 0.00637508 0.980553 51.4229 0.0194466 0.980553 59.3438 3798 15195 23034 0.409297 0 0 0.707441 0.292559
ct20stif -0.0810574 1.9365 2.1 49.6913 0.180374 0.180374 0 0.018097 1.16234 0.161431 0.0250086 0.94167 17.1437 0.0583303 0.94167 6.64062 425 2670 3225 0.305997 0 0 0.732468 0.26269
lhr71 0.071971 1.93432 1.8 21.2507 0.596627 0.381493 0.135981 0.41147 1.62939 0.62756 0.297896 0.903595 10.3729 0.0964052 0.903595 2.20312 141 1571 1724 0.237956 0 0 0.825878 0.102476
ohne2 -0.614471 1.73097 3.2 37.8837 0.318983 0.194149 0 0.00206239 1.22125 0.220906 0.0208713 0.932396 14.7921 0.0676037 0.932396 22.2969 1427 7323 10417 0.292415 0 0 0.74425 0.255222
pdb1HYS -1.24977 1.54748 5.4 119.306 0.150686 0.150686 0 0 1.06368 0.0632455 0.00726426 0.970295 33.6647 0.0297047 0.970295 17.375 1112 4561 6852 0.371229 0 0 0.712737 0.287263
pwtk -0.836867 1.55903 3.6 52.8843 0.0278782 0.0278782 0 0.00223479 1.18146 0.181223 0.0164449 0.955133 22.2882 0.0448669 0.955133 17.375 1112 11786 11636 0.320041 0 0 0.736291 0.263119
rma10 -0.042844 2.20354 2.3 49.7297 0.302865 0.30285 0 0.0224618 1.12977 0.128749 0.0257888 0.949127 19.6568 0.050873 0.949127 9.32812 597 2501 3736 0.317374 0 0 0.725953 0.267891
shipsec1 -0.0199011 2.05862 2.1 25.3288 0.232045 0.232045 0 0.177584 1.29403 0.293237 0.130227 0.899368 9.93724 0.100632 0.899368 9.14062 585 3664 5118 0.259257 0 0 0.758805 0.198362
soc-sign-epinions 0.536527 2.05207 1.2 6.38235 0.856811 0.870528 0.468233 0.900923 2.28733 1.28374 0.720587 0.524235 2.10188 0.475765 0.524235 3.51562 225 903 2087 0.214334 0 0 0.957466 0.00421412
webbase-1M 0.569591 1.23728 0.7 3.10552 0.345481 0.659218 0.919394 0.968395 5.66669 4.66594 0.896798 0.4653 1.87021 0.5347 0.4653 15.6719 1003 4516 10893 0.190286 0 0 1.63334 0
xenon2 -0.846303 2.40239 5.6 24.556 0.0752165 0.0752165 0.000342936 0.103109 1.23673 0.236084 0.0808523 0.91134 11.2791 0.0886596 0.91134 9.04688 579 3901 5675 0.273209 0 0 0.747347 0.226602

# Pearson correlation with residual_log
columns: feature pearson_r
mean_nnz_per_col -0.657304
row_nnz_gini 0.657896
col_nnz_gini 0.751656
single_nnz_column_ratio 0.60222
low_nnz_column_ratio 0.643951
draf_memory_expansion 0.593492
critical_padding_ratio 0.593135
exposure_factor 0.657353
bga_reduction_ratio -0.628407
bga_row_reuse_factor -0.719051
bga_unique_row_ratio 0.628407
bga_duplicate_partial_ratio -0.628407
bga_capacity_pressure -0.550008
bga_stream_capacity_flushes -0.550008
bga_critical_flushes -0.643783
bga_reuse_aware_accumulate_cycle -0.471501
draf_access_share -0.632393
draf_bga_window_occupancy 0
draf_bga_contention_score 0
draf_vs_coo_memory_ratio 0.593492
draf_exposed_memory_saving_factor -0.682775
