# SparsePIM DRAF+BGA phase diagnostics
model_variant: v7_draf_streaming_overlap
source_results: spmv_guided_kmeans_draf_bga_v7_structural_results.txt
notes: alternative totals are diagnostic only, not adopted models
columns: matrix target_speedup model_speedup model_over_target target_pim_ms model_ms excess_ms setup_pct fetch_pct compute_pct padding_pct bga_pct readback_pct final_pct mode_cycle compute_bga_overlap_ms compute_bga_overlap_speedup compute_bga_overlap_over_target aggressive_overlap_ms aggressive_overlap_speedup aggressive_overlap_over_target wide_final_ms wide_final_speedup wide_final_over_target compute_bga_overlap_wide_final_ms compute_bga_overlap_wide_final_speedup compute_bga_overlap_wide_final_over_target
ASIC_100k 1.4 0.938811 0.670579 0.0988629 0.147429 0.0485661 0.112597 5.61423 5.50367 32.0405 21.2794 22.9751 13.0883 105 0.116057 1.19259 0.851847 0.10778 1.28417 0.917265 0.132957 1.041 0.74357 0.101585 1.36248 0.973203
Stanford 1.3 1.43492 1.10378 0.269681 0.244324 -0.0253568 0.0679426 8.29513 8.10645 64.4357 5.11861 7.00054 8.28899 105 0.231818 1.51233 1.16333 0.211551 1.65721 1.27478 0.229135 1.53004 1.17695 0.216629 1.61837 1.2449
bcsstk32 2 3.23451 1.61726 0.0497905 0.030787 -0.0190035 0.539189 24.0069 23.4774 39.809 3.08247 12.502 15.6917 105 0.029838 3.33739 1.66869 0.022447 4.43627 2.21814 0.027164 3.66592 1.83296 0.026215 3.79863 1.89931
cant 2.2 2.90269 1.3194 0.0588995 0.044641 -0.0142585 0.371855 31.4867 29.9008 34.82 2.71499 11.0705 15.3088 105 0.043429 2.9837 1.35623 0.029373 4.4115 2.00523 0.039516 3.27915 1.49052 0.038304 3.38291 1.53769
consph 2.3 2.03883 0.88645 0.0742322 0.083741 0.00950883 0.19823 26.5354 25.4332 41.952 3.46545 10.0476 13.2408 117 0.080839 2.11203 0.918272 0.058618 2.91265 1.26637 0.075425 2.26363 0.984185 0.072523 2.3542 1.02357
crankseg_2 3 1.85144 0.617147 0.074094 0.120059 0.045965 0.138265 38.3003 37.0759 13.7274 25.136 7.96442 11.0004 121 0.089881 2.47307 0.824357 0.043898 5.0636 1.68787 0.110154 2.01792 0.67264 0.079976 2.77936 0.926453
ct20stif 2.1 2.82732 1.34634 0.0508957 0.037803 -0.0130927 0.439119 24.0775 24.5033 35.5686 2.87014 15.9564 16.4273 105 0.036718 2.91086 1.38612 0.027616 3.87026 1.84298 0.033146 3.22455 1.5355 0.032061 3.33368 1.58746
lhr71 1.8 1.86474 1.03597 0.0655478 0.063272 -0.00227578 0.262359 11.9152 11.5975 60.0898 7.33974 6.37881 7.28284 105 0.058628 2.01245 1.11803 0.051089 2.30942 1.28301 0.059816 1.97248 1.09582 0.055172 2.13851 1.18806
ohne2 3.2 2.44037 0.762615 0.0874787 0.114709 0.0272303 0.144714 22.673 21.8771 42.2068 3.09479 12.4907 15.4251 105 0.111159 2.5183 0.78697 0.085151 3.28748 1.02734 0.101439 2.75961 0.862378 0.097889 2.85969 0.893653
pdb1HYS 5.4 2.5458 0.471444 0.0191048 0.040524 0.0214192 0.409634 35.0385 33.3235 21.3454 12.864 12.1039 14.2903 105 0.035311 2.92164 0.541044 0.021112 4.8866 0.904927 0.036181 2.85139 0.528034 0.030968 3.33137 0.616921
pwtk 3.6 2.33971 0.64992 0.100552 0.154714 0.0541623 0.107295 26.666 25.7805 42.8785 2.88403 11.2744 12.0849 105 0.150252 2.40919 0.66922 0.108996 3.32109 0.922526 0.140692 2.5729 0.714694 0.13623 2.65717 0.738102
rma10 2.3 3.3931 1.47526 0.044547 0.030196 -0.014351 0.549742 27.0632 26.3479 31.832 2.93085 18.3998 14.8331 109 0.029311 3.49555 1.5198 0.021139 4.84687 2.10734 0.026837 3.81779 1.65991 0.025952 3.94798 1.71651
shipsec1 2.1 2.43584 1.15993 0.099249 0.085565 -0.013684 0.194005 16.5477 15.7915 43.1847 6.39631 12.2351 15.9388 105 0.080092 2.60229 1.23919 0.065933 3.16113 1.5053 0.075337 2.76654 1.3174 0.069864 2.98327 1.4206
soc-sign-epinions 1.2 1.63095 1.35912 0.147398 0.108451 -0.0389473 0.153065 8.4665 8.5836 53.5302 4.33744 8.55133 17.5766 105 0.103747 1.7049 1.42075 0.094565 1.87044 1.5587 0.094155 1.87858 1.56549 0.089451 1.97737 1.64781
webbase-1M 0.7 0.791206 1.13029 1.2389 1.09609 -0.142814 0.0151448 6.15854 6.00974 78.3585 2.2251 4.20313 3.7664 105 1.0717 0.809212 1.15602 1.00419 0.863608 1.23373 1.06512 0.814206 1.16315 1.04074 0.833286 1.19041
xenon2 5.6 3.07034 0.548275 0.0418114 0.07626 0.0344486 0.217676 19.0664 18.155 40.4301 4.91739 15.3672 15.1915 105 0.07251 3.22913 0.57663 0.05797 4.03905 0.72126 0.067572 3.4651 0.618769 0.063822 3.6687 0.655126
