# SparsePIM DRAF+BGA phase diagnostics
model_variant: v13_phase_exposure_classified_shared_overlap
source_results: spmv_guided_kmeans_draf_bga_v13_structural_results.txt
notes: alternative totals are diagnostic only, not adopted models
columns: matrix target_speedup model_speedup model_over_target target_pim_ms model_ms excess_ms setup_pct fetch_pct compute_pct padding_pct bga_pct readback_pct final_pct mode_cycle compute_bga_overlap_ms compute_bga_overlap_speedup compute_bga_overlap_over_target aggressive_overlap_ms aggressive_overlap_speedup aggressive_overlap_over_target wide_final_ms wide_final_speedup wide_final_over_target compute_bga_overlap_wide_final_ms compute_bga_overlap_wide_final_speedup compute_bga_overlap_wide_final_over_target phase_class_code bga_bound_score draf_access_bound_score padding_sync_bound_score percentile_tail_exposure_factor shared_overlap_window_cycle shared_bga_overlap_cycle shared_draf_overlap_cycle draf_step_tail_saved_cycle group_steps_p90 group_steps_p95 group_steps_max tail_skew_max_over_p90 tail_skew_max_over_p95 p90_to_max_tail_steps p95_to_max_tail_steps bga_near_duplicate_partial_ratio bga_far_duplicate_partial_ratio bga_near_duplicate_share accumulator_flush_estimate
ASIC_100k 1.4 1.08321 0.77372 0.0988629 0.127776 0.0289131 0.129915 6.47774 6.35018 26.3571 19.4364 26.5089 15.1014 572 0.102941 1.34454 0.960384 0.094664 1.4621 1.04436 0.113304 1.22156 0.872545 0.088469 1.56448 1.11749 3 0.637128 0.575506 0.774543 0.712944 41792 2896 1034 9 971.8 1068.55 2951 3.03663 2.76169 1979.2 1882.45 0.481001 0.0851661 0.849574 8190
Stanford 1.3 1.53259 1.17891 0.269681 0.228754 -0.0409268 0.072567 8.85974 8.65821 63.3842 3.65065 7.47703 8.85318 1171 0.220403 1.59065 1.22358 0.200136 1.75173 1.34749 0.213565 1.64158 1.26276 0.205214 1.70839 1.31414 3 0.371287 0.615319 0.753365 0.920993 164800 1602 3357 30 3244 3602.75 4370 1.3471 1.21296 1126 767.25 0.468619 0.27814 0.627537 27016
bcsstk32 2 3.41639 1.7082 0.0497905 0.029148 -0.0206425 0.569507 25.3568 24.7976 41.6632 1.46151 13.205 16.574 0 0.030359 3.28011 1.64006 0.022968 4.33564 2.16782 0.025525 3.90131 1.95066 0.026736 3.7246 1.8623 1 0.334743 0.276118 0.074172 0.990928 19372 5223 5250 45 1206.7 1219.9 1245 1.03174 1.02058 38.3 25.1 0.882928 0.0565722 0.939785 9899
cant 2.2 3.08067 1.4003 0.0588995 0.042062 -0.0168375 0.394656 33.4173 31.7341 36.6625 1.30522 11.7493 16.2474 0 0.045255 2.86331 1.3015 0.031199 4.15331 1.88787 0.036937 3.50811 1.59459 0.04013 3.22898 1.46772 1 0.472884 0.3144 0.0471585 0.992107 28769 10817 9512 62 2293.8 2304.85 2346 1.02276 1.01785 52.2 41.15 0.837773 0.119361 0.875294 51097
consph 2.3 2.21672 0.963791 0.0742322 0.077021 0.00278883 0.215526 28.8506 27.6522 45.3617 1.76575 10.9243 14.3961 0 0.082852 2.06071 0.895961 0.060631 2.81595 1.22433 0.068705 2.48503 1.08045 0.074536 2.29062 0.995924 1 0.490231 0.349474 0.077361 0.994518 56236 16280 15273 77 3617.4 3660.85 3706 1.02449 1.01233 88.6 45.15 0.846119 0.110501 0.884488 88976
crankseg_2 3 2.5036 0.834533 0.074094 0.088785 0.014691 0.186969 51.7914 50.1357 18.2981 0.609337 10.7698 14.8753 0 0.09851 2.25644 0.752147 0.052527 4.23177 1.41059 0.07888 2.81798 0.939326 0.088605 2.50868 0.836228 1 0.503065 0.269377 0.0206277 0.98576 60759 29592 31167 253 7612.4 7683.9 7935 1.04238 1.03268 322.6 251.1 0.813978 0.166575 0.830121 221021
ct20stif 2.1 2.97768 1.41794 0.0508957 0.035894 -0.0150017 0.462473 25.358 25.8065 37.2263 1.40692 16.805 17.3009 0 0.03761 2.84182 1.35325 0.028508 3.74916 1.78531 0.031237 3.42162 1.62934 0.032953 3.24344 1.54449 1 0.387079 0.279369 0.0637058 0.993763 22625 6953 6525 37 1517.7 1540.35 1562 1.02919 1.01406 44.3 21.65 0.868508 0.0731617 0.922306 18697
lhr71 1.8 2.01235 1.11797 0.0655478 0.058631 -0.00691678 0.283127 12.8584 12.5156 63.2072 4.10193 6.88373 7.85932 0 0.057591 2.04869 1.13816 0.050052 2.35727 1.30959 0.055175 2.1384 1.188 0.054135 2.17948 1.21082 2 0.259042 0.442512 0.348448 0.974728 44397 2477 3155 172 1239.7 1248.7 1323 1.06719 1.0595 83.3 74.3 0.840064 0.0635312 0.929691 5933
ohne2 3.2 2.67486 0.835893 0.0874787 0.104653 0.0171743 0.158619 24.8517 23.9792 45.5744 1.87668 13.691 16.9073 0 0.113219 2.47248 0.772651 0.087211 3.20982 1.00307 0.091383 3.06328 0.957276 0.099949 2.80075 0.875234 1 0.532259 0.262119 0.0833131 0.985138 72790 22340 17767 276 4291.4 4321.4 4469 1.04139 1.03416 177.6 147.6 0.670983 0.261413 0.719633 80822
pdb1HYS 5.4 2.96932 0.549874 0.0191048 0.034744 0.0156392 0.47778 40.8675 38.8671 24.6546 0.808773 14.1175 16.6676 0 0.037637 2.74108 0.507607 0.023438 4.40166 0.815121 0.030401 3.39351 0.628427 0.033294 3.09864 0.573822 1 0.486218 0.283111 0.026888 0.990365 22070 9946 9494 61 2343.7 2372.1 2424 1.03426 1.02188 80.3 51.9 0.908608 0.0616871 0.936424 66521
pwtk 3.6 2.59427 0.72063 0.100552 0.139533 0.0389813 0.118968 29.5672 28.5854 47.1315 1.51792 12.501 13.3997 0 0.154215 2.34728 0.652023 0.112959 3.20458 0.890161 0.125511 2.8841 0.801138 0.140193 2.58205 0.717237 1 0.495201 0.300431 0.0664411 0.991334 105650 31438 28997 240 6759.2 6811.25 6945 1.02749 1.01964 185.8 133.75 0.907542 0.047591 0.950173 45285
rma10 2.3 3.53486 1.5369 0.044547 0.028985 -0.015562 0.57271 28.1939 27.4487 33.0447 1.41797 19.1685 15.4528 0 0.030345 3.37644 1.46802 0.022173 4.62085 2.00906 0.025626 3.9982 1.73835 0.026986 3.79671 1.65074 1 0.431716 0.263137 0.0530953 0.996453 17534 6551 5562 16 1366 1372.1 1383 1.01245 1.00794 17 10.9 0.872325 0.076802 0.919081 23184
shipsec1 2.1 2.64792 1.26091 0.099249 0.078712 -0.020537 0.210895 17.9884 17.1664 46.4605 3.88251 13.3004 17.3265 0 0.0802 2.59879 1.23752 0.066041 3.15596 1.50284 0.068484 3.04338 1.44923 0.069972 2.97866 1.41841 1 0.42658 0.263165 0.157668 0.989688 50082 9220 8314 102 2303.8 2308.85 2363 1.0257 1.02345 59.2 54.15 0.693655 0.205714 0.771269 30470
soc-sign-epinions 1.2 1.85292 1.5441 0.147398 0.095459 -0.0519393 0.173897 9.61879 9.75183 48.4103 3.17938 9.71517 19.9688 666 0.092424 1.91377 1.59481 0.083242 2.12486 1.77072 0.081163 2.17929 1.81608 0.078128 2.26395 1.88663 3 0.284414 0.637301 0.836075 0.796015 55521 462 1447 23 1323.3 1797.55 3288 2.4847 1.82916 1964.7 1490.45 0.224695 0.299541 0.428615 12378
webbase-1M 0.7 0.796939 1.13848 1.2389 1.0882 -0.150699 0.0152545 6.20317 6.05329 78.3773 1.69059 4.23359 3.79369 4202 1.0698 0.810644 1.15806 1.0023 0.865239 1.23606 1.05724 0.820278 1.17183 1.03884 0.834805 1.19258 3 0.454055 0.72884 1 0.993044 918775 2044 8194 0 11417.3 12458.4 12654 1.10832 1.0157 1236.7 195.6 0.239108 0.226193 0.513878 43957
xenon2 5.6 3.31616 0.592171 0.0418114 0.070607 0.0287956 0.235104 20.5929 19.6085 43.3682 2.87932 16.5975 16.4077 0 0.073211 3.19821 0.571109 0.058671 3.9908 0.712642 0.061919 3.78146 0.67526 0.064523 3.62885 0.648008 1 0.43293 0.225538 0.114289 0.993166 44466 10656 9265 68 2376.4 2383.25 2420 1.01835 1.01542 43.6 36.75 0.733377 0.177964 0.804723 27036
